5314  35.925968  128.606750
6305  35.924438  128.623734
5926  35.894524  128.643188
5785  35.919128  128.633545
5977  35.925716  128.654602
6035  35.908436  128.662598
5107  35.913403  128.615204
5750  35.944454  128.650253
6440  35.911388  128.647232
5501  35.920551  128.655594
5720  35.890942  128.626846
5510  35.892433  128.649368
5929  35.890293  128.633118
6221  35.934589  128.611496
3533  35.944256  128.615692
4555  35.943588  128.653152
3745  35.906834  128.649139
5522  35.909443  128.629608
5954  35.927769  128.645020
5242  35.908329  128.655731
6647  35.903954  128.605438
5860  35.892738  128.618271
6071  35.944328  128.612213
6052  35.922531  128.609863
4373  35.929981  128.644058
3363  35.941158  128.651199
5970  35.929749  128.617767
4227  35.895996  128.630890
6233  35.930576  128.635513
4052  35.913872  128.651154
5594  35.898411  128.617172
4880  35.940006  128.605713
5273  35.921776  128.609879
6435  35.907913  128.623840
5580  35.942600  128.634262
4583  35.902477  128.627975
5804  35.899815  128.649918
4020  35.910992  128.644455
5249  35.930397  128.641678
3826  35.926186  128.660599
4436  35.886532  128.663513
4302  35.936317  128.663528
6002  35.902100  128.644974
3698  35.891804  128.631622
3857  35.925915  128.610016
4451  35.901344  128.655655
6502  35.918858  128.648239
4268  35.916210  128.622620
6639  35.925789  128.648743
5789  35.901615  128.628250
4425  35.939541  128.613327
4868  35.913204  128.617630
4982  35.909336  128.609985
3829  35.938854  128.620544
4254  35.919201  128.622482
6021  35.922783  128.649048
5440  35.903484  128.663696
5139  35.903934  128.643387
5163  35.933762  128.637253
5006  35.917526  128.649841
4106  35.901272  128.624023
4091  35.915634  128.606445
4802  35.912521  128.623199
6045  35.938026  128.642853
5441  35.907013  128.635696
3715  35.910110  128.614624
3962  35.923969  128.627777
4578  35.921829  128.615128
5984  35.904568  128.651291
5877  35.909370  128.623367
5070  35.931477  128.613663
3753  35.906078  128.649826
5094  35.900677  128.631805
5988  35.888565  128.608749
4118  35.941341  128.654846
5617  35.910057  128.622467
3772  35.904907  128.651978
3953  35.915188  128.612457
4800  35.941269  128.634659
5326  35.885685  128.615219
6408  35.900265  128.649261
4140  35.904278  128.647278
3528  35.942348  128.648666
4723  35.893082  128.664795
4636  35.898121  128.633240
6030  35.916534  128.661179
5659  35.930847  128.606537
3409  35.885071  128.660400
4502  35.888096  128.639557
4156  35.917580  128.607254
6664  35.920208  128.645248
5274  35.918713  128.658585
6495  35.885090  128.608688
4799  35.913242  128.631912
4653  35.940727  128.664902
5269  35.938660  128.607849
5180  35.892200  128.641525
3530  35.886024  128.656143
6514  35.898212  128.646454
6079  35.885036  128.627808
6073  35.932484  128.642975
6499  35.887753  128.623581
4500  35.900715  128.641113
5820  35.936047  128.609772
3950  35.944077  128.627304
5033  35.894234  128.659409
4507  35.895943  128.627213
6151  35.942726  128.614273
4748  35.890491  128.635330
4749  35.925087  128.625336
5892  35.926453  128.652954
5555  35.909752  128.619583
4943  35.922421  128.636108
5530  35.934517  128.636627
5106  35.891335  128.619370
5888  35.920368  128.632812
6104  35.891392  128.632797
5181  35.941357  128.628204
3723  35.923447  128.607361
3593  35.923950  128.620087
3427  35.916573  128.636917
3912  35.925625  128.629410
5003  35.892506  128.623749
4892  35.944798  128.663803
5231  35.889824  128.629303
3606  35.886150  128.626602
4988  35.920460  128.608795
5427  35.890831  128.620438
5035  35.927822  128.636520
4400  35.920498  128.660080
6415  35.906799  128.658401
6449  35.930557  128.655075
4232  35.904675  128.636169
5831  35.897835  128.663162
5603  35.898106  128.617371
6430  35.913891  128.630585
5779  35.937237  128.653854
3443  35.924294  128.626633
5914  35.887863  128.660889
5442  35.917309  128.642654
3388  35.905754  128.643051
4330  35.941071  128.643951
4716  35.923195  128.613754
3833  35.895260  128.614670
4351  35.887413  128.658295
3937  35.900604  128.641541
6604  35.899094  128.610947
6199  35.893784  128.611145
5908  35.896969  128.633224
5112  35.906006  128.641754
4541  35.901218  128.626221
6487  35.928524  128.605133
3449  35.886639  128.606155
6100  35.908707  128.613449
6633  35.896790  128.632416
5303  35.919922  128.658905
6003  35.938335  128.663498
3643  35.932232  128.636200
5253  35.921143  128.614349
3736  35.936192  128.635010
4973  35.916016  128.631256
6217  35.935184  128.636215
5719  35.895855  128.625076
3971  35.928829  128.630905
4229  35.916752  128.634369
4831  35.893227  128.637436
5663  35.921055  128.624939
5059  35.896053  128.651688
5189  35.924545  128.627533
5436  35.916786  128.649323
3362  35.920605  128.629333
4434  35.900013  128.634048
5068  35.927029  128.606567
3862  35.922997  128.612198
5452  35.915600  128.650024
3920  35.909607  128.611572
5381  35.896034  128.618118
6566  35.930595  128.656158
4744  35.944939  128.639771
4440  35.900696  128.623337
4564  35.937111  128.645844
5523  35.891319  128.639908
3873  35.935616  128.654266
6112  35.898914  128.607300
4159  35.907032  128.646851
6542  35.944832  128.652771
6421  35.903542  128.606964
4327  35.926689  128.624680
5194  35.915833  128.622772
6310  35.893711  128.661697
6029  35.937542  128.655869
5362  35.928127  128.611313
4915  35.925446  128.627594
3888  35.914230  128.653702
5109  35.932648  128.647537
5493  35.936481  128.640381
5613  35.893764  128.634735
3631  35.909462  128.660309
5845  35.936733  128.633209
5642  35.892937  128.632248
4731  35.918770  128.623550
4246  35.935833  128.663223
4419  35.892002  128.639435
3516  35.911839  128.637039
6414  35.919559  128.609787
6466  35.903034  128.652542
3415  35.897419  128.628189
4491  35.887970  128.644562
3625  35.926041  128.610870
4522  35.913116  128.609009
3970  35.940063  128.647934
4064  35.900841  128.658798
6643  35.932198  128.626755
4998  35.893982  128.650223
6471  35.922855  128.609146
6519  35.900497  128.614517
4752  35.912502  128.620636
4132  35.904530  128.628799
6628  35.899796  128.660751
4395  35.889679  128.617325
3494  35.925537  128.619659
6287  35.942905  128.607056
4673  35.898590  128.639923
6657  35.923233  128.636841
3508  35.899021  128.614258
6448  35.918552  128.650925
5484  35.900463  128.640701
4037  35.891949  128.646225
3412  35.910271  128.637360
4662  35.913296  128.639709
6345  35.899868  128.635590
4809  35.932590  128.614120
3823  35.935329  128.605270
4097  35.939323  128.640366
6574  35.920227  128.630142
5152  35.938568  128.656937
3896  35.902874  128.648392
6655  35.916805  128.664474
4559  35.933617  128.631317
5769  35.918697  128.644989
6092  35.903992  128.629135
5195  35.911064  128.660614
6069  35.925014  128.623138
3526  35.887951  128.653366
6304  35.944527  128.612961
4170  35.902729  128.606262
6527  35.940170  128.655396
3769  35.893551  128.616333
4131  35.929100  128.638077
5837  35.900246  128.633133
5511  35.943104  128.630722
3751  35.927299  128.613785
3843  35.915707  128.609055
5507  35.918514  128.640411
5206  35.921036  128.646133
5900  35.943985  128.608643
6210  35.901848  128.645187
5284  35.888546  128.643433
5477  35.900047  128.657761
4137  35.892162  128.642883
5009  35.911335  128.622177
5966  35.890652  128.658707
4900  35.928993  128.664627
4916  35.886547  128.636795
6034  35.944202  128.607178
3711  35.886852  128.658981
6486  35.918335  128.660919
3926  35.901291  128.662781
6147  35.889015  128.617111
5912  35.905788  128.649277
4036  35.927353  128.639206
4228  35.929008  128.618378
3563  35.908726  128.608154
5811  35.917850  128.650528
5447  35.897007  128.619919
4399  35.894917  128.664749
5882  35.913025  128.644714
3445  35.934013  128.657166
6423  35.938999  128.637268
6308  35.889267  128.620102
5444  35.905575  128.606781
5182  35.932537  128.644470
3392  35.919956  128.652191
4284  35.939072  128.646957
3721  35.937038  128.624573
5958  35.895908  128.662491
5410  35.940567  128.617310
3921  35.902443  128.629898
4769  35.931549  128.614075
6213  35.935383  128.662949
3845  35.936550  128.652069
5650  35.915527  128.642166
3676  35.936913  128.654236
5017  35.935741  128.659119
6406  35.885845  128.620483
3495  35.938728  128.645218
3858  35.892021  128.611877
4135  35.918320  128.654678
4322  35.899509  128.627045
4561  35.902840  128.643478
6612  35.902317  128.608673
4551  35.891712  128.641968
5287  35.935688  128.611710
5392  35.914303  128.648376
3865  35.903702  128.634125
5873  35.903324  128.643967
6190  35.895618  128.631943
5558  35.908939  128.635895
3878  35.944653  128.651901
4335  35.924942  128.619141
5726  35.939468  128.646317
5889  35.916969  128.644669
3535  35.941860  128.638702
4363  35.918102  128.612274
3430  35.941017  128.615829
5611  35.904636  128.619476
6532  35.931385  128.605637
6447  35.919308  128.645889
3406  35.903629  128.652679
3710  35.891769  128.659012
3679  35.938515  128.615616
6101  35.932934  128.610382
3612  35.885487  128.658646
4090  35.885521  128.638214
5795  35.906239  128.625854
4136  35.928471  128.607315
4891  35.931835  128.645065
3451  35.923538  128.644012
6418  35.935165  128.629379
6250  35.922512  128.652023
5565  35.921326  128.616135
5144  35.920242  128.606339
5031  35.909679  128.627991
4771  35.908112  128.663910
4667  35.899326  128.654938
3922  35.933601  128.663284
3565  35.899147  128.653061
3831  35.898987  128.609070
6506  35.913528  128.644577
5957  35.893604  128.661194
4956  35.921181  128.611221
5235  35.918930  128.651855
6314  35.894272  128.640503
3900  35.941483  128.654160
5100  35.930161  128.652466
6094  35.942383  128.628860
5554  35.896339  128.635040
3725  35.901001  128.651352
6439  35.903107  128.645645
4989  35.926437  128.642471
4443  35.888943  128.647324
4966  35.932053  128.663315
3994  35.895424  128.655853
3572  35.910164  128.610794
5551  35.915508  128.640121
5271  35.942242  128.642868
4296  35.917183  128.621933
3552  35.934139  128.641434
4854  35.888222  128.605057
6528  35.893497  128.644913
6214  35.937866  128.608841
3638  35.912884  128.606201
6445  35.916592  128.663300
3477  35.892181  128.607101
3985  35.929947  128.654251
4992  35.899200  128.615158
5099  35.934628  128.650436
5886  35.898464  128.642044
4639  35.936264  128.630463
3914  35.910793  128.625916
5902  35.927425  128.631210
5648  35.910183  128.646423
6134  35.892380  128.618256
6293  35.923809  128.661240
3670  35.885918  128.650040
6038  35.903721  128.664581
5652  35.911732  128.610367
5302  35.930378  128.627502
3365  35.893154  128.613022
5890  35.934303  128.621140
4404  35.937325  128.654297
3832  35.932034  128.623795
4494  35.927948  128.612000
5367  35.929279  128.628555
4050  35.900120  128.658890
4263  35.893929  128.649857
5730  35.900967  128.645477
6357  35.937073  128.649887
5937  35.886784  128.653870
4283  35.928848  128.607635
4385  35.937126  128.619568
4711  35.922440  128.652161
4426  35.913780  128.638199
5036  35.912052  128.623001
6370  35.895729  128.616806
5924  35.942562  128.622696
5020  35.906330  128.660019
6654  35.938137  128.642273
4906  35.936211  128.612091
4530  35.909859  128.654694
3491  35.913979  128.623688
3690  35.943481  128.653793
3515  35.939236  128.619415
5459  35.901165  128.637177
4320  35.910198  128.621872
4779  35.924599  128.624771
5801  35.906437  128.628143
3729  35.886818  128.629883
5061  35.927246  128.640884
4766  35.933834  128.645920
6240  35.925320  128.617126
5204  35.887035  128.616364
4008  35.886585  128.609482
6476  35.908905  128.611023
6611  35.931026  128.618423
4501  35.926201  128.638306
5776  35.914864  128.614578
4656  35.912109  128.635757
5593  35.899384  128.609390
5727  35.891300  128.657593
5941  35.925411  128.622925
3366  35.944420  128.642563
6480  35.941879  128.654358
3447  35.912037  128.616028
6634  35.908005  128.632889
6467  35.898033  128.623108
6601  35.937218  128.622589
4286  35.916084  128.618774
3425  35.907501  128.605469
4642  35.913460  128.657242
6093  35.930180  128.625214
5328  35.924797  128.650574
3663  35.894863  128.629562
3995  35.886135  128.623474
5723  35.911606  128.631195
3639  35.940872  128.609406
5297  35.902081  128.656403
3758  35.892796  128.605682
5515  35.939198  128.605591
3567  35.910145  128.609848
4295  35.939880  128.638962
3350  35.906296  128.643631
4259  35.892990  128.640579
3866  35.894035  128.643341
6652  35.912594  128.636230
6473  35.901867  128.626984
5473  35.897961  128.620895
6465  35.940475  128.659821
4836  35.930412  128.638718
4515  35.926743  128.627716
4770  35.937344  128.633820
6392  35.897438  128.627182
3760  35.918209  128.613770
4862  35.918121  128.647568
4367  35.889282  128.662552
3746  35.921791  128.614212
5894  35.909084  128.661987
5657  35.917725  128.623245
6555  35.935436  128.662888
4069  35.888870  128.608017
5962  35.894955  128.637299
5146  35.891102  128.655930
4281  35.898716  128.654953
6386  35.896069  128.663467
6163  35.886169  128.646362
5374  35.894577  128.664124
4727  35.941608  128.629395
5793  35.893963  128.619675
5906  35.888763  128.636475
3501  35.935219  128.655243
4028  35.938534  128.616409
5640  35.943195  128.645691
5464  35.894810  128.660767
5995  35.906113  128.660721
6589  35.907768  128.640518
5721  35.930054  128.662964
3683  35.942402  128.636322
3344  35.917976  128.631699
3367  35.890884  128.631760
5338  35.923306  128.658478
5812  35.891174  128.640442
3463  35.924725  128.642807
4328  35.896412  128.624496
3949  35.923935  128.608261
5780  35.920479  128.642731
5205  35.896645  128.611267
5762  35.888889  128.615005
3394  35.892830  128.635406
3507  35.935078  128.661209
4772  35.894974  128.613480
6290  35.906528  128.659180
5547  35.914612  128.611053
4414  35.896126  128.612595
5416  35.944580  128.625702
6369  35.911224  128.614166
4359  35.933544  128.655045
5246  35.888329  128.644409
5136  35.901436  128.654037
6434  35.934338  128.626205
4043  35.910324  128.625092
6047  35.928108  128.649796
6356  35.944130  128.650421
5858  35.931423  128.629089
5101  35.940098  128.616226
3372  35.906887  128.621719
5019  35.944958  128.655762
3405  35.937508  128.643661
6122  35.915798  128.659683
5747  35.914501  128.620773
5117  35.927212  128.663147
3784  35.893425  128.641266
6362  35.931152  128.652496
4230  35.933529  128.640854
3904  35.916340  128.620743
3706  35.938965  128.658752
3744  35.923592  128.619324
3880  35.926292  128.619614
3978  35.928974  128.623428
4342  35.921684  128.627792
6640  35.905880  128.629456
5626  35.928543  128.663864
6137  35.887897  128.660812
4724  35.922909  128.618622
4205  35.900337  128.613007
6188  35.932789  128.650848
4914  35.912235  128.658035
5568  35.925663  128.662018
4180  35.915890  128.646576
5688  35.939827  128.615295
5584  35.912071  128.639130
6472  35.930199  128.626511
5519  35.940495  128.611099
4121  35.931961  128.658371
5927  35.893513  128.632950
4599  35.886314  128.649750
4153  35.902748  128.621521
4626  35.900318  128.617203
5876  35.913422  128.647873
6632  35.899887  128.657776
5197  35.899578  128.664688
6249  35.916897  128.641983
5838  35.922009  128.658417
3856  35.895477  128.656586
5044  35.908852  128.645340
3889  35.905972  128.633850
6286  35.900623  128.638260
5835  35.903503  128.656631
6594  35.936104  128.629654
5756  35.933311  128.651886
5474  35.919777  128.633102
3527  35.931801  128.613388
6631  35.913963  128.658600
5761  35.895100  128.608887
6316  35.909496  128.608871
4679  35.885109  128.657562
6443  35.940277  128.658875
4370  35.904999  128.626816
3531  35.888798  128.607437
5479  35.918282  128.639008
5212  35.890095  128.639526
6378  35.886692  128.628677
6299  35.901325  128.638672
4754  35.929729  128.626724
5587  35.942024  128.605667
4513  35.943897  128.660583
6617  35.906742  128.656708
5169  35.920963  128.625717
5266  35.896179  128.649475
5388  35.936588  128.654556
3546  35.889408  128.642639
6663  35.929153  128.609589
4192  35.923557  128.619202
4514  35.908978  128.657990
4531  35.917454  128.637665
3360  35.898319  128.658157
4441  35.924240  128.634842
5203  35.886402  128.653275
5239  35.932449  128.663620
5396  35.910885  128.614304
3714  35.901020  128.657486
4116  35.929604  128.660202
4490  35.899345  128.647766
4356  35.916553  128.643509
3765  35.933384  128.631104
4084  35.889122  128.621780
6383  35.912125  128.618027
4527  35.894199  128.654755
4929  35.891499  128.623917
3992  35.937256  128.608215
5741  35.938980  128.647964
6349  35.936230  128.628403
4495  35.906349  128.644608
3587  35.907177  128.652344
4548  35.897564  128.641342
6330  35.937595  128.634140
4851  35.927227  128.658463
4792  35.930431  128.648346
3764  35.890221  128.647064
5709  35.922890  128.609970
4221  35.922657  128.649765
6543  35.887573  128.613312
5735  35.902119  128.646057
3577  35.892525  128.606506
5079  35.891445  128.654480
4569  35.886890  128.615799
3731  35.887989  128.661362
3808  35.919525  128.639465
4965  35.921379  128.644135
4945  35.905323  128.648315
3964  35.892811  128.605560
6602  35.888493  128.629807
6244  35.942978  128.623779
4912  35.899292  128.648270
4462  35.909210  128.661484
6088  35.905449  128.659714
3819  35.918983  128.624878
3536  35.926777  128.622238
4019  35.928883  128.615524
4980  35.917599  128.651367
5371  35.907806  128.608978
5233  35.889969  128.610596
6226  35.893246  128.634705
5805  35.895168  128.652374
3417  35.889069  128.652649
6235  35.931114  128.639664
4041  35.901306  128.605606
3487  35.920116  128.629440
6111  35.916698  128.649185
6442  35.908813  128.664825
3730  35.938587  128.620819
6106  35.891624  128.640320
4127  35.939163  128.626785
6580  35.910038  128.633148
5792  35.911137  128.620071
5307  35.895386  128.608597
6460  35.944546  128.616531
4928  35.915977  128.646240
5168  35.915691  128.639603
4863  35.920818  128.664886
4745  35.913673  128.650131
3585  35.903595  128.654083
4240  35.912144  128.635147
5748  35.934105  128.647995
6024  35.937561  128.641449
6433  35.891048  128.622803
3966  35.944347  128.651138
6581  35.889931  128.610519
5448  35.923630  128.612610
4913  35.907158  128.637466
6598  35.894882  128.622437
5620  35.906906  128.644424
4526  35.943859  128.638245
6043  35.933510  128.615494
5395  35.910973  128.651550
4922  35.929962  128.649719
5482  35.889805  128.655151
6237  35.886082  128.623520
3644  35.901649  128.629730
3611  35.942097  128.664856
5938  35.908131  128.626587
3438  35.936245  128.611694
4984  35.902855  128.616623
5681  35.915096  128.629257
5695  35.929657  128.628098
4762  35.885792  128.634171
4680  35.905483  128.610565
4528  35.905251  128.642715
3561  35.942924  128.621262
4442  35.924061  128.641510
5334  35.900860  128.647293
3504  35.899834  128.660263
4270  35.890003  128.642441
6373  35.890453  128.635437
3436  35.928345  128.621841
6556  35.935886  128.606461
4394  35.889301  128.645935
4791  35.916859  128.619980
4686  35.930325  128.653000
6282  35.921646  128.653030
4963  35.887215  128.633163
5553  35.922981  128.611618
5084  35.939575  128.640015
6489  35.906940  128.657883
3982  35.939613  128.611465
5503  35.937019  128.661591
4592  35.924274  128.650955
5790  35.943211  128.608276
5939  35.906277  128.640106
4202  35.913223  128.660995
6374  35.903450  128.627853
6166  35.932663  128.630188
3840  35.892273  128.661896
5731  35.887772  128.619125
4834  35.888149  128.664871
4011  35.892345  128.646622
4113  35.909660  128.655609
4805  35.931458  128.647156
5270  35.897346  128.641861
5173  35.907104  128.633041
6586  35.936893  128.615372
6630  35.909157  128.612305
4605  35.897980  128.618362
3869  35.940998  128.645309
6646  35.943283  128.621704
4337  35.927391  128.633316
3434  35.898140  128.661774
6234  35.904602  128.629944
5664  35.893299  128.608383
4577  35.927677  128.613205
3590  35.934193  128.622818
5256  35.930756  128.643311
6195  35.935417  128.637238
4374  35.900875  128.616562
4379  35.887791  128.610001
3943  35.908165  128.612320
5025  35.890545  128.606003
5443  35.911297  128.663666
5557  35.886711  128.634766
6607  35.943661  128.631165
6481  35.926220  128.629028
4585  35.927517  128.648880
4665  35.905773  128.631027
6004  35.891659  128.610641
6218  35.918732  128.607971
4185  35.911263  128.641647
6540  35.887665  128.615982
6198  35.885506  128.636002
4210  35.922115  128.620499
4547  35.888779  128.623276
4903  35.898624  128.617813
6618  35.920567  128.660782
3544  35.944111  128.608444
6120  35.929371  128.614609
3800  35.901775  128.657547
6292  35.917633  128.641617
4285  35.904007  128.639542
4910  35.920406  128.618286
3999  35.927155  128.625839
5330  35.932755  128.636154
5520  35.925934  128.620010
3794  35.921936  128.658066
3689  35.934444  128.616180
5878  35.903145  128.653488
4267  35.916950  128.633865
3629  35.913837  128.641052
5692  35.904728  128.632523
3767  35.923611  128.639297
6623  35.916031  128.649124
4109  35.930973  128.625015
6203  35.894737  128.623184
5029  35.916519  128.643616
6484  35.908092  128.659103
5771  35.898499  128.626129
5609  35.902531  128.648727
3651  35.900299  128.610077
3959  35.926491  128.625610
5560  35.931816  128.664200
3422  35.913136  128.656799
5910  35.943249  128.638412
4619  35.915329  128.659973
5955  35.916393  128.628708
4154  35.915871  128.620987
4618  35.902821  128.605331
6340  35.938263  128.651031
6509  35.919739  128.613831
3609  35.926003  128.611862
5056  35.900661  128.630554
3601  35.921883  128.624634
5382  35.943932  128.619034
3545  35.908508  128.633759
6561  35.906025  128.629150
4944  35.928219  128.636993
3887  35.891426  128.629745
4209  35.937057  128.663452
6242  35.942673  128.621094
4362  35.901146  128.618225
6319  35.914627  128.621613
4570  35.888130  128.628159
6032  35.932159  128.612350
5562  35.934429  128.611206
5855  35.898087  128.617401
5320  35.887447  128.611084
4631  35.902550  128.637695
6055  35.896320  128.633698
4304  35.886261  128.634521
4964  35.902405  128.661377
6324  35.895657  128.616684
4806  35.904060  128.618988
4757  35.898861  128.630157
5081  35.905144  128.656281
6479  35.937847  128.640717
3797  35.906708  128.638016
5986  35.931873  128.636261
3668  35.896194  128.606400
5881  35.938297  128.624390
6183  35.888241  128.620285
5976  35.910686  128.648529
3403  35.899902  128.620728
3518  35.921017  128.628387
5989  35.914394  128.636810
6014  35.903019  128.641602
3892  35.903809  128.632034
5379  35.889843  128.659958
3648  35.895870  128.648926
6413  35.940315  128.635300
5615  35.907230  128.633514
5384  35.934986  128.641357
4165  35.927841  128.630951
5680  35.886368  128.662186
5041  35.888836  128.610886
3851  35.943806  128.627319
4780  35.934967  128.642349
5567  35.936642  128.653336
6277  35.922493  128.620972
5807  35.936985  128.608505
4279  35.921452  128.656662
3846  35.937832  128.644348
3713  35.888168  128.626389
4613  35.889465  128.642914
6393  35.899597  128.663712
6563  35.919884  128.657364
5504  35.915150  128.633362
6139  35.930035  128.657669
4881  35.913513  128.657639
3938  35.905125  128.624695
5461  35.895439  128.621063
5356  35.895817  128.622345
6019  35.897167  128.626404
4523  35.933098  128.651337
3919  35.888004  128.654907
4015  35.939972  128.656174
3471  35.886475  128.641556
3780  35.932716  128.652084
5521  35.921467  128.630524
6193  35.886223  128.632355
5327  35.913097  128.629425
3377  35.910091  128.618835
5275  35.928379  128.616791
6405  35.892776  128.661407
6294  35.896214  128.637924
6468  35.920048  128.606247
5545  35.939938  128.644287
5488  35.926273  128.664948
3647  35.908150  128.634918
5925  35.910522  128.615662
5016  35.929260  128.655746
4955  35.887089  128.617661
4070  35.892704  128.608307
3854  35.900986  128.616837
6009  35.916466  128.622604
6040  35.900425  128.656464
4804  35.889248  128.608414
6512  35.906258  128.617874
6311  35.917812  128.647675
5738  35.907463  128.607773
4368  35.885899  128.624069
3564  35.937164  128.632828
4668  35.911659  128.619888
6087  35.889141  128.647751
5592  35.897404  128.646652
4315  35.915493  128.631653
6523  35.929207  128.644150
5118  35.900913  128.608566
5333  35.938892  128.663559
3410  35.932899  128.645538
3702  35.891697  128.628342
3942  35.923862  128.653290
4730  35.899399  128.637558
5325  35.908310  128.648849
3608  35.934895  128.650192
4448  35.902172  128.620621
3834  35.941845  128.640549
5508  35.890308  128.654099
5184  35.934879  128.639679
5936  35.903091  128.653397
6432  35.910667  128.622192
5309  35.907681  128.607574
6535  35.894016  128.641235
5223  35.904476  128.614487
4845  35.923359  128.663879
3432  35.889771  128.624603
6557  35.939091  128.613998
5847  35.911694  128.651245
3939  35.902390  128.617538
5703  35.904945  128.650803
5428  35.886765  128.662109
5951  35.898823  128.652481
4048  35.894287  128.631821
5797  35.933132  128.612747
4808  35.907879  128.633987
4042  35.924908  128.619598
3466  35.895027  128.624420
5082  35.921738  128.623077
3600  35.928810  128.622742
4208  35.943394  128.612823
5983  35.939812  128.651794
4265  35.922943  128.608398
3692  35.934536  128.632446
4878  35.917294  128.622849
4134  35.895061  128.613113
5581  35.886944  128.610397
4638  35.920750  128.632706
3818  35.925735  128.631088
4838  35.920784  128.630707
6174  35.907715  128.618927
6187  35.911587  128.659378
5476  35.940708  128.611725
4936  35.913349  128.632202
3720  35.922619  128.608200
6550  35.924709  128.626007
5712  35.939217  128.608810
4262  35.913315  128.605301
5600  35.919109  128.635620
5569  35.923340  128.613266
3619  35.924313  128.611816
4115  35.907139  128.615265
6276  35.927120  128.657135
4493  35.887592  128.640778
3431  35.913548  128.658310
3875  35.885143  128.627335
4675  35.919865  128.644547
3597  35.910957  128.652832
3822  35.923664  128.631958
3984  35.938461  128.656036
5012  35.886295  128.625671
3575  35.942707  128.617157
3492  35.937469  128.651749
6114  35.922478  128.634613
3967  35.908024  128.614594
3343  35.919289  128.618057
6500  35.913368  128.661789
5073  35.911892  128.617798
6610  35.925373  128.639038
6538  35.893063  128.634064
3595  35.895763  128.646561
5973  35.919579  128.647491
4238  35.921360  128.624222
6457  35.930988  128.639969
4733  35.922153  128.623718
6067  35.928165  128.644821
4142  35.914738  128.615753
4947  35.901451  128.617035
4857  35.932503  128.656342
5491  35.887321  128.638062
4837  35.907375  128.656570
4447  35.941734  128.644165
5754  35.932575  128.615677
4280  35.912628  128.627914
6517  35.943409  128.627487
4207  35.892220  128.648560
5008  35.934841  128.663773
4812  35.928741  128.644257
5236  35.942581  128.613373
3890  35.897854  128.642609
6403  35.910938  128.609543
6651  35.893208  128.654633
5629  35.887466  128.645111
3642  35.903973  128.638596
6595  35.886440  128.613129
3749  35.892288  128.615280
3903  35.918427  128.641708
3448  35.892075  128.631836
4562  35.937687  128.620911
6624  35.924492  128.646393
4582  35.908470  128.632385
4807  35.937382  128.635345
5564  35.905197  128.616928
6600  35.924961  128.657806
6420  35.942944  128.628983
5336  35.932087  128.657440
5424  35.934464  128.635941
6172  35.940331  128.627731
4512  35.893585  128.650467
5832  35.911495  128.664566
6222  35.940079  128.628052
5559  35.919685  128.619720
6391  35.907124  128.654175
5295  35.908363  128.653839
6376  35.940548  128.659195
3989  35.915421  128.623505
5987  35.899258  128.661957
4421  35.912163  128.609467
5040  35.907410  128.628784
4144  35.924095  128.659515
3793  35.943878  128.613068
4720  35.916481  128.664597
6023  35.917202  128.630508
6536  35.915131  128.626907
4474  35.891136  128.630783
4692  35.914356  128.659760
3542  35.910454  128.654510
5561  35.944473  128.639160
6056  35.939487  128.633194
6302  35.893047  128.647888
3716  35.930683  128.662308
5417  35.919056  128.656982
5075  35.888115  128.625000
5142  35.922207  128.651642
5673  35.933403  128.653931
5087  35.899635  128.643768
6070  35.908344  128.646179
4993  35.917744  128.652451
4949  35.943069  128.651825
3635  35.896557  128.645767
4094  35.916607  128.625320
4815  35.943012  128.645782
6248  35.935669  128.612717
6266  35.898876  128.639374
5637  35.892254  128.638504
4532  35.909733  128.617996
4030  35.915203  128.635651
3709  35.929352  128.625534
6216  35.934391  128.643524
4742  35.917831  128.658691
4624  35.942871  128.655457
5598  35.939396  128.612686
5083  35.899742  128.649628
4033  35.931206  128.623047
5085  35.887016  128.646942
3472  35.890167  128.651184
6175  35.896702  128.607819
5549  35.908237  128.606293
6615  35.904694  128.656738
5280  35.914700  128.628311
4446  35.891983  128.613525
5602  35.923824  128.637909
4879  35.892597  128.644226
3576  35.905846  128.628830
4518  35.889088  128.618668
4445  35.928307  128.664520
4272  35.913620  128.609604
5544  35.942295  128.654861
4820  35.926994  128.612473
5403  35.912018  128.656815
5201  35.918354  128.656677
3946  35.911171  128.643112
6461  35.936283  128.617355
4584  35.925896  128.632904
4130  35.919849  128.659393
3828  35.896393  128.624344
4814  35.927643  128.655060
5512  35.908077  128.662720
6534  35.894791  128.649078
5390  35.927803  128.613556
4600  35.931297  128.613358
5199  35.897511  128.663727
5064  35.921757  128.643738
6485  35.905087  128.605011
4017  35.927570  128.608093
3677  35.894306  128.607040
5846  35.916878  128.646255
4535  35.891586  128.637344
4178  35.908634  128.651596
4777  35.918587  128.641953
5289  35.893658  128.609940
6033  35.886909  128.652939
3649  35.904079  128.649399
3886  35.907356  128.661743
4308  35.913063  128.644623
3680  35.889393  128.655975
3807  35.892723  128.642548
3493  35.933815  128.640976
4174  35.942886  128.650360
6041  35.896881  128.661880
6353  35.930000  128.628738
3404  35.911640  128.640457
6346  35.887554  128.639175
5868  35.942493  128.607666
4843  35.931061  128.619171
3811  35.902927  128.653107
4609  35.885254  128.628891
4023  35.919216  128.617004
4747  35.922367  128.608185
6455  35.944672  128.638123
4318  35.941429  128.653946
6653  35.940655  128.613098
5011  35.920624  128.626053
4700  35.886566  128.606812
5563  35.940189  128.609818
3923  35.935364  128.626251
5778  35.916843  128.615860
4397  35.924007  128.610107
4999  35.893353  128.640076
5312  35.930721  128.641205
6267  35.903305  128.636124
4669  35.891895  128.638733
3717  35.943771  128.632584
6360  35.926022  128.628326
6367  35.886459  128.637207
4649  35.941231  128.610672
6119  35.886116  128.660446
3511  35.908833  128.612946
4173  35.928291  128.624313
5057  35.904495  128.616104
3835  35.926060  128.625900
6559  35.940693  128.653885
4819  35.906040  128.624207
6407  35.935867  128.624176
5226  35.924889  128.645416
4252  35.931854  128.649231
6334  35.901741  128.622681
4841  35.889877  128.640564
4001  35.915779  128.612549
5230  35.920929  128.649948
5431  35.920712  128.612076
4743  35.937901  128.636612
5716  35.924583  128.650635
6008  35.934086  128.617722
5944  35.920944  128.612762
5570  35.932701  128.663422
5851  35.939037  128.658859
4203  35.944923  128.646637
5286  35.913765  128.642426
5518  35.934715  128.607513
6320  35.897240  128.631302
5729  35.894073  128.607742
4606  35.942780  128.617935
5833  35.921844  128.650452
6046  35.935848  128.657471
3975  35.938370  128.659317
6592  35.895187  128.660492
5867  35.935112  128.614792
5760  35.914288  128.608490
3703  35.914249  128.623291
5624  35.892651  128.659302
6427  35.913078  128.645874
5599  35.889950  128.631500
6205  35.885559  128.607117
6570  35.892670  128.658386
4046  35.892883  128.650284
4122  35.937450  128.652237
3387  35.925571  128.656235
4607  35.917671  128.633636
5646  35.899708  128.636353
5298  35.905357  128.659912
5848  35.922222  128.653381
5764  35.905914  128.617081
3750  35.902588  128.610245
3848  35.940403  128.612579
3376  35.895351  128.615814
5575  35.914825  128.614883
5621  35.893120  128.644531
3796  35.942368  128.662567
5039  35.943714  128.610809
3665  35.898430  128.652054
5408  35.933224  128.656860
4204  35.908615  128.651672
4231  35.923321  128.635117
5923  35.906364  128.651230
5826  35.930954  128.621826
4219  35.899975  128.655701
6614  35.942078  128.664368
4968  35.887611  128.622101
4554  35.892414  128.624542
4946  35.907284  128.632996
5597  35.928326  128.607758
4703  35.932987  128.624374
3657  35.911514  128.656387
5308  35.888725  128.656113
5701  35.943375  128.637131
3681  35.886349  128.644241
4222  35.922188  128.621628
3505  35.916157  128.615189
5755  35.917057  128.619186
3341  35.898769  128.649460
4402  35.915764  128.637863
5752  35.912197  128.625732
5982  35.930218  128.632233
3948  35.907841  128.649689
5170  35.937000  128.642776
3418  35.897671  128.633896
4920  35.897114  128.624725
5423  35.915565  128.657211
5030  35.891842  128.653503
3850  35.906403  128.632156
4617  35.941124  128.632019
5884  35.894432  128.656479
6530  35.913799  128.630997
3553  35.903397  128.616211
4168  35.906223  128.620209
6143  35.898338  128.634857
4860  35.911911  128.645981
4739  35.914772  128.641876
5409  35.904549  128.650726
4261  35.935291  128.609375
4349  35.924187  128.628494
3754  35.925266  128.652130
4102  35.926598  128.632553
6285  35.943447  128.606995
3369  35.885738  128.652267
5429  35.907734  128.627686
5946  35.924023  128.640762
6156  35.892147  128.664978
5864  35.934410  128.636398
4058  35.908741  128.659210
6375  35.942329  128.606110
6475  35.921268  128.648590
3859  35.903072  128.629318
4200  35.928631  128.655807
6051  35.906059  128.631485
3634  35.942852  128.634964
5605  35.895550  128.636826
3581  35.941090  128.620697
4566  35.941555  128.608002
6179  35.893101  128.612656
4598  35.917130  128.655106
3614  35.932266  128.633499
5686  35.925861  128.625595
4572  35.941917  128.623383
5772  35.926579  128.648254
5483  35.938210  128.660858
6062  35.933708  128.621506
5218  35.926399  128.615112
6508  35.892544  128.608170
6426  35.902245  128.615234
6402  35.944275  128.638474
5076  35.944740  128.654068
3370  35.899563  128.664459
4479  35.898174  128.623672
5380  35.942116  128.649979
3741  35.938602  128.657257
4861  35.887394  128.642944
3700  35.890724  128.639145
5607  35.885235  128.612900
6295  35.901253  128.637772
6159  35.897385  128.655548
4995  35.941322  128.657059
6184  35.938316  128.664703
5579  35.922405  128.659348
4103  35.910435  128.608246
4163  35.937702  128.661667
6551  35.891281  128.648499
3514  35.934608  128.664993
5836  35.919327  128.643356
3965  35.932842  128.619873
3656  35.922729  128.615097
5369  35.890022  128.646515
6515  35.904118  128.658569
5015  35.917023  128.664047
5887  35.907249  128.644928
5393  35.890274  128.637222
3347  35.929928  128.619080
4029  35.929478  128.624405
4412  35.912720  128.637009
4176  35.918247  128.620316
5496  35.928921  128.643417
5676  35.906311  128.629044
4217  35.916122  128.656067
5632  35.938622  128.610764
4764  35.927479  128.650391
5583  35.904747  128.642456
5048  35.917095  128.622375
4155  35.939053  128.633804
4896  35.929676  128.605774
5472  35.923286  128.605865
5088  35.934696  128.634338
4826  35.935543  128.638779
4366  35.929245  128.648758
5539  35.935780  128.661819
5319  35.899166  128.647781
4002  35.889175  128.656784
6344  35.930019  128.633957
6123  35.885361  128.636703
6136  35.931728  128.658051
5500  35.923248  128.619232
4398  35.933655  128.653458
3646  35.898159  128.630035
4329  35.900391  128.634537
4712  35.926346  128.631866
3338  35.890579  128.622574
4658  35.888454  128.637619
3885  35.933041  128.643250
3342  35.919704  128.615082
5156  35.885288  128.636734
4755  35.911873  128.644318
3395  35.900768  128.660645
3825  35.937740  128.632721
5533  35.919792  128.627747
6565  35.911156  128.634415
5176  35.894054  128.635971
4100  35.911674  128.635635
5844  35.924637  128.661270
3556  35.913639  128.624039
4608  35.911350  128.653046
6148  35.920353  128.623932
5775  35.928490  128.626831
3810  35.933491  128.653229
3470  35.912342  128.652985
3799  35.943321  128.607452
4120  35.902206  128.626038
5947  35.915241  128.630219
5389  35.930485  128.629181
4191  35.907318  128.627243
5618  35.928940  128.624802
5360  35.902657  128.622879
6109  35.911945  128.664291
5971  35.900536  128.636032
3346  35.897797  128.657181
6312  35.904369  128.623444
4986  35.915276  128.619003
4105  35.931370  128.662354
3458  35.939270  128.639221
4753  35.898735  128.623703
4732  35.893566  128.648117
4234  35.896252  128.633621
4856  35.889374  128.613220
4567  35.894558  128.634750
5021  35.899075  128.663895
4010  35.900154  128.628448
4835  35.893261  128.629837
6037  35.885632  128.618591
4839  35.923756  128.628433
5859  35.892056  128.659363
6264  35.896809  128.640427
6016  35.936172  128.606583
5718  35.909695  128.627228
6028  35.917042  128.641083
3467  35.890903  128.609711
4648  35.887699  128.628418
5127  35.929821  128.609741
4774  35.891644  128.633835
6007  35.902966  128.624649
3661  35.917797  128.606842
3408  35.902153  128.640625
4951  35.933292  128.636566
3598  35.931530  128.642685
5363  35.928398  128.607986
4681  35.943554  128.660004
6039  35.922546  128.642075
5268  35.898697  128.634094
4316  35.930794  128.605499
3658  35.927788  128.622910
5022  35.908058  128.612778
6142  35.929192  128.661850
4187  35.895889  128.631332
5193  35.927914  128.611969
5131  35.921162  128.607864
4324  35.907051  128.655136
3513  35.941196  128.656952
5034  35.916302  128.646286
5806  35.906170  128.660065
4175  35.920910  128.663055
5502  35.938046  128.655640
4439  35.925484  128.626022
4198  35.926617  128.639053
6359  35.899273  128.653183
5153  35.903290  128.654984
3726  35.924221  128.625427
4897  35.911442  128.627838
6658  35.931675  128.613983
4372  35.887268  128.635605
4212  35.911045  128.647415
4333  35.886009  128.605194
4480  35.914970  128.606903
5115  35.893948  128.659988
6130  35.918625  128.652283
4866  35.889320  128.619690
4354  35.889915  128.662857
4558  35.893696  128.622299
5386  35.886726  128.662811
4538  35.925804  128.605240
5160  35.885181  128.621170
6107  35.923519  128.615402
4417  35.941593  128.638748
4311  35.896954  128.634506
6090  35.897491  128.628235
6095  35.891857  128.642136
4251  35.891552  128.618210
4068  35.929386  128.659744
5641  35.889858  128.641037
6343  35.918175  128.639404
6549  35.922638  128.608704
6271  35.908527  128.626419
4236  35.931313  128.640305
4162  35.890255  128.635269
3667  35.901505  128.644073
4537  35.899525  128.660904
3616  35.908417  128.618896
5494  35.890419  128.616257
6642  35.905178  128.645752
4319  35.916050  128.648819
5623  35.888706  128.608078
6603  35.912647  128.654404
5808  35.885395  128.654205
5818  35.916195  128.641632
5516  35.897278  128.648941
5700  35.930611  128.654831
3743  35.919415  128.621124
3618  35.896431  128.652740
5841  35.914989  128.664185
3695  35.938065  128.656494
5985  35.888313  128.626480
5437  35.892128  128.647079
5742  35.900066  128.631927
4698  35.894413  128.651840
3540  35.898663  128.660507
6255  35.923573  128.656296
3476  35.909191  128.611755
5572  35.903919  128.660416
3396  35.925678  128.630112
3382  35.902946  128.634003
6518  35.896572  128.642380
5128  35.927605  128.605545
6279  35.923717  128.623230
3551  35.900551  128.641479
6318  35.908401  128.651077
5655  35.900211  128.607285
4039  35.920677  128.616760
4413  35.927982  128.619400
4326  35.885811  128.658783
3628  35.904621  128.619781
4469  35.887501  128.609360
5614  35.893909  128.649033
4126  35.918262  128.635849
3925  35.918083  128.657349
4594  35.905647  128.627548
4171  35.907555  128.611908
5365  35.935471  128.660461
5225  35.914845  128.657944
5751  35.942059  128.642181
4160  35.920803  128.614380
6352  35.897079  128.609650
3397  35.912685  128.646988
4012  35.904655  128.633057
3691  35.905285  128.662521
4603  35.916824  128.664108
3550  35.887627  128.618881
5018  35.934570  128.644211
3337  35.895367  128.621002
6498  35.910507  128.612015
5240  35.902298  128.612488
6191  35.907860  128.647385
3340  35.926418  128.636429
3620  35.933331  128.619385
6118  35.927464  128.629349
4586  35.942223  128.610504
5622  35.943787  128.651276
6000  35.912376  128.616013
4702  35.888294  128.630341
5685  35.942204  128.631439
5161  35.921631  128.626495
4291  35.903271  128.617188
6431  35.931259  128.654541
3502  35.927406  128.633026
3506  35.921810  128.639740
6400  35.897095  128.653351
4919  35.899220  128.632141
4108  35.892921  128.620132
5214  35.886658  128.622528
3824  35.909569  128.622147
4150  35.900894  128.649338
4110  35.911819  128.624817
5313  35.940674  128.605942
4536  35.896015  128.607193
5401  35.931080  128.610748
6493  35.913692  128.616455
5788  35.925552  128.636063
3697  35.894703  128.611359
5121  35.896683  128.652969
3368  35.910488  128.616714
6048  35.893875  128.610977
5254  35.931564  128.644745
3380  35.940601  128.635239
3852  35.932411  128.623215
5422  35.944508  128.606979
6524  35.901920  128.648056
5725  35.893822  128.616669
3707  35.902046  128.652603
6167  35.944023  128.605804
4074  35.937775  128.638535
4714  35.908184  128.646881
6323  35.907700  128.615784
5606  35.915997  128.612045
4908  35.894253  128.629288
4340  35.936371  128.651947
6339  35.914555  128.628815
4197  35.911964  128.658279
4065  35.897221  128.640533
3747  35.924473  128.641830
4224  35.901630  128.617096
4085  35.911030  128.620270
4082  35.913387  128.628601
4360  35.914753  128.639877
6140  35.900787  128.630493
3356  35.922333  128.629196
5590  35.928757  128.630295
4096  35.938084  128.610855
3519  35.909138  128.612228
5186  35.898392  128.610413
4273  35.915367  128.658447
3389  35.924870  128.643570
4325  35.908543  128.651459
6533  35.923882  128.633331
5834  35.936680  128.608856
6638  35.887051  128.656876
4489  35.924782  128.624268
5002  35.887684  128.620682
5093  35.943268  128.646027
5024  35.943031  128.656189
6022  35.917221  128.622833
6036  35.938694  128.614899
5850  35.923737  128.634399
5209  35.911461  128.640259
5419  35.940350  128.662155
4449  35.922710  128.618820
6272  35.921917  128.624847
5897  35.928146  128.662445
3486  35.889698  128.658493
5543  35.888599  128.653992
3803  35.937363  128.621323
5192  35.907967  128.620926
4145  35.920876  128.631561
4133  35.910004  128.641724
5904  35.932323  128.624619
6520  35.916283  128.655884
3883  35.894936  128.650238
4488  35.895008  128.624985
4138  35.935093  128.638565
4276  35.890347  128.622406
4782  35.921577  128.660370
3345  35.926849  128.605453
3805  35.912899  128.647354
4983  35.886063  128.650787
6474  35.917110  128.609619
4588  35.919346  128.652206
4875  35.906654  128.620300
5046  35.906780  128.621109
6196  35.923069  128.652878
5162  35.901470  128.654572
5322  35.928432  128.662003
5794  35.888042  128.607498
4211  35.931099  128.648544
6115  35.921864  128.641129
3591  35.928596  128.652557
4950  35.895279  128.611404
6331  35.933636  128.623993
3549  35.905594  128.611343
6463  35.885757  128.635193
4422  35.899544  128.659866
3659  35.921989  128.617523
5200  35.941395  128.614151
4346  35.914932  128.657898
6176  35.890633  128.657608
4423  35.921307  128.617783
5300  35.944725  128.630829
5861  35.888638  128.635818
3806  35.928020  128.627823
5862  35.902802  128.656509
6133  35.941467  128.611374
3987  35.897293  128.634552
4996  35.942799  128.641281
6606  35.933437  128.645554
6428  35.939178  128.633011
4520  35.942547  128.622711
4927  35.928200  128.627426
6306  35.940945  128.614059
3512  35.927193  128.659897
6354  35.924652  128.632507
5956  35.891930  128.642258
6171  35.896988  128.652786
4767  35.910919  128.625107
6644  35.893459  128.655029
6253  35.911713  128.618607
5839  35.891247  128.609894
4741  35.928616  128.654053
4503  35.924168  128.627609
5943  35.890182  128.623596
4310  35.892975  128.628296
5361  35.941681  128.619019
6636  35.944706  128.657745
6582  35.916142  128.640839
3872  35.895565  128.606766
6173  35.926380  128.661804
5965  35.919453  128.658340
6350  35.901722  128.611420
5678  35.904186  128.607391
6409  35.909840  128.606308
4589  35.890923  128.645950
4787  35.916176  128.644638
4483  35.931583  128.606049
6661  35.930920  128.663116
3901  35.921486  128.663574
3762  35.942997  128.652435
3735  35.896484  128.611191
4038  35.933113  128.663254
3704  35.903900  128.632401
4597  35.923790  128.639069
3954  35.892864  128.662582
4390  35.935020  128.606476
4858  35.893890  128.631744
6358  35.931889  128.626556
5865  35.901577  128.640030
6458  35.903576  128.657684
6328  35.905682  128.635544
6562  35.904510  128.643723
6128  35.920280  128.622009
3437  35.923683  128.614868
6066  35.913586  128.620575
5830  35.910595  128.636642
6168  35.904312  128.656555
4309  35.925644  128.663589
3622  35.902138  128.611298
4393  35.885162  128.655289
6261  35.922817  128.622086
3615  35.904026  128.664383
3558  35.933258  128.636307
4452  35.886673  128.634323
4889  35.909588  128.634216
3482  35.941414  128.661057
5669  35.916718  128.648636
3510  35.941521  128.649582
5529  35.905628  128.661163
5460  35.929497  128.646744
3439  35.897041  128.639862
5821  35.936661  128.632217
5187  35.937939  128.605148
5397  35.931747  128.618195
3674  35.930775  128.631134
6162  35.939667  128.622635
3934  35.925159  128.628510
4063  35.926815  128.656448
3605  35.920982  128.656311
3932  35.908867  128.645569
3645  35.900928  128.656097
3610  35.909065  128.625122
5481  35.929909  128.649643
4300  35.941933  128.606873
4477  35.930538  128.648651
6141  35.888851  128.662689
6157  35.929550  128.638031
3957  35.934769  128.653091
6259  35.910774  128.612885
6020  35.912434  128.648773
3441  35.895458  128.641327
4003  35.932968  128.626083
4869  35.923412  128.654495
5432  35.905933  128.616699
5704  35.921520  128.608139
5817  35.908291  128.660248
5007  35.931244  128.627411
3768  35.933979  128.615997
4377  35.893188  128.658096
5283  35.925121  128.628922
4759  35.939125  128.626801
6552  35.891571  128.605286
5366  35.917347  128.606796
4765  35.926113  128.643143
6341  35.919540  128.607147
4277  35.910130  128.609451
4921  35.939774  128.632690
3687  35.895081  128.630630
4157  35.942474  128.658936
3554  35.944489  128.650101
4306  35.928955  128.629929
4890  35.941700  128.664780
5227  35.904980  128.610168
4740  35.936031  128.613495
5933  35.941628  128.634933
5425  35.944614  128.635056
3407  35.917168  128.620804
6650  35.915222  128.658768
3783  35.920300  128.629013
5763  35.885307  128.643875
4292  35.943626  128.636444
5264  35.920639  128.610718
5527  35.904152  128.648041
5963  35.897743  128.605362
3871  35.898788  128.624298
6155  35.930668  128.612976
6325  35.906204  128.658264
4498  35.935760  128.624084
3671  35.924835  128.609497
6121  35.937290  128.631897
4942  35.909912  128.647552
3837  35.899689  128.610443
5321  35.908600  128.624130
6597  35.942276  128.620834
6283  35.922169  128.610703
5578  35.928776  128.659073
3759  35.891750  128.615875
5299  35.896378  128.647522
4437  35.920441  128.639999
4081  35.927372  128.630539
4313  35.939449  128.640350
6185  35.896717  128.662079
6200  35.919724  128.639938
4898  35.938747  128.628952
5359  35.902782  128.630096
3790  35.896305  128.653641
5357  35.921215  128.611115
4811  35.890202  128.616821
5047  35.913277  128.655182
5822  35.915943  128.639359
4823  35.909119  128.637100
3391  35.943501  128.640656
4382  35.901093  128.640167
3915  35.901939  128.635529
3996  35.938641  128.615631
3525  35.930107  128.629532
3664  35.936535  128.619461
5711  35.904819  128.639343
4614  35.936516  128.616516
5350  35.887825  128.621887
5548  35.933186  128.663391
5492  35.896503  128.608948
3929  35.899132  128.615463
3500  35.934483  128.647339
4775  35.890472  128.637024
5435  35.942436  128.651779
6265  35.911800  128.638977
4086  35.924671  128.657654
4659  35.938766  128.651657
3442  35.912487  128.643280
5874  35.902676  128.629913
6444  35.897060  128.616913
6065  35.918301  128.617920
6531  35.941719  128.627884
6150  35.895241  128.621429
4763  35.931496  128.662704
4256  35.925102  128.633392
5981  35.905430  128.632935
6564  35.922871  128.648071
3983  35.899761  128.626999
5463  35.943970  128.625473
3650  35.934319  128.637070
4301  35.902458  128.610474
4633  35.936497  128.624908
4128  35.924114  128.623032
3669  35.886620  128.605576
4249  35.894829  128.623871
4761  35.910255  128.661499
5767  35.888439  128.662415
6437  35.934933  128.617065
4676  35.939522  128.652252
5480  35.939556  128.625641
5232  35.885937  128.649292
3534  35.919254  128.606598
4071  35.906998  128.622498
6380  35.908562  128.649658
6351  35.892109  128.617737
5899  35.937271  128.646042
3868  35.942043  128.606674
4453  35.936356  128.618103
4678  35.939629  128.628006
3548  35.891354  128.647919
4907  35.917561  128.655945
4241  35.936623  128.620117
6297  35.889481  128.633789
3433  35.931622  128.660522
4289  35.897869  128.625992
3701  35.885990  128.642014
5967  35.917362  128.632843
4967  35.909012  128.607895
6135  35.916931  128.626923
6169  35.943645  128.648575
5782  35.938099  128.630814
3944  35.937668  128.609207
3636  35.889896  128.620041
6337  35.909714  128.626709
3742  35.926888  128.629227
5086  35.916069  128.610260
3459  35.918499  128.643646
4911  35.944599  128.638870
4524  35.936607  128.626541
5819  35.910866  128.633408
4167  35.936390  128.615555
5049  35.934860  128.618805
4405  35.901993  128.649551
4517  35.893440  128.625412
5907  35.920856  128.631363
3520  35.942421  128.630936
6102  35.895042  128.646469
3990  35.899364  128.655960
3473  35.928093  128.662094
6321  35.892235  128.651474
5151  35.935398  128.637970
4884  35.900284  128.606384
5949  35.893532  128.664322
3836  35.926147  128.646973
3336  35.944904  128.611893
6608  35.901882  128.656433
6510  35.920315  128.662979
4953  35.887737  128.610901
3974  35.938225  128.643860
5513  35.926239  128.662064
6336  35.918804  128.647476
4622  35.931999  128.629700
4424  35.938118  128.638428
4435  35.904457  128.631012
3781  35.929874  128.635391
6010  35.937759  128.664612
4871  35.915115  128.622269
4736  35.888420  128.664215
5541  35.896915  128.651321
5777  35.930935  128.634354
4357  35.905338  128.633926
6417  35.912773  128.654465
3877  35.890690  128.647629
4615  35.933727  128.641174
3414  35.921902  128.611954
5829  35.903126  128.628586
3861  35.888672  128.637451
5050  35.937614  128.635773
6547  35.932140  128.606689
4376  35.931709  128.659256
5213  35.935310  128.640945
5537  35.905411  128.606415
6158  35.904404  128.634598
5324  35.890327  128.605698
5810  35.926544  128.614731
5612  35.903416  128.611252
4756  35.926510  128.623611
6181  35.926956  128.659775
6666  35.898643  128.632751
4031  35.899994  128.605072
5643  35.943535  128.634293
6482  35.899723  128.633301
4223  35.931332  128.661346
5339  35.944038  128.635422
5714  35.936714  128.636368
4188  35.890129  128.614182
3468  35.933743  128.605484
5005  35.903828  128.629852
3596  35.943752  128.635361
3876  35.920532  128.645264
4215  35.899452  128.642929
4940  35.920513  128.639954
5355  35.928181  128.614426
6127  35.927662  128.618164
5400  35.887070  128.614319
4629  35.909767  128.610489
4587  35.929710  128.657150
6252  35.906673  128.657196
6494  35.941971  128.662872
3652  35.934807  128.648972
4466  35.889645  128.620331
5990  35.893639  128.637314
6453  35.888386  128.644272
6568  35.910614  128.650894
5524  35.942959  128.637878
4294  35.885468  128.639114
5104  35.906815  128.629822
4087  35.926563  128.607605
5589  35.918461  128.657837
3673  35.919991  128.613510
3666  35.941105  128.651489
4655  35.887810  128.655670
6194  35.932285  128.646774
6335  35.925823  128.659592
6180  35.935635  128.612289
5791  35.898682  128.617966
4471  35.903179  128.661682
5916  35.896629  128.607483
6355  35.937199  128.641220
5628  35.917957  128.620392
3776  35.923054  128.613174
6132  35.888474  128.663818
3453  35.923107  128.662247
6464  35.926167  128.610275
6537  35.900517  128.621475
5885  35.887177  128.612106
6596  35.915546  128.646790
4214  35.937813  128.644440
3882  35.907986  128.628220
5228  35.915169  128.637497
4519  35.913925  128.608780
5159  35.922764  128.656693
5067  35.901180  128.662643
4847  35.909409  128.639725
5485  35.888275  128.651062
6422  35.940926  128.662277
5257  35.924923  128.627701
4386  35.943607  128.626526
4687  35.902279  128.647736
5000  35.940765  128.644043
6516  35.919380  128.635468
4932  35.906422  128.642578
4433  35.938152  128.609421
4341  35.922134  128.605179
3632  35.901112  128.608963
5948  35.907608  128.621582
6275  35.925499  128.612152
3916  35.903866  128.654785
6197  35.926922  128.642670
4298  35.906635  128.609314
4264  35.943428  128.631241
5074  35.887108  128.611511
3599  35.927498  128.640640
3867  35.918964  128.610916
5342  35.896088  128.609222
4438  35.934662  128.607208
3737  35.890598  128.619522
5234  35.937397  128.616730
5525  35.903683  128.641068
3788  35.917885  128.643890
4293  35.891010  128.634430
6539  35.917488  128.616318
3339  35.914162  128.622971
4785  35.939919  128.651932
4948  35.908886  128.647171
6326  35.920731  128.653305
3537  35.909622  128.656082
3662  35.894684  128.659805
6082  35.904961  128.663925
4016  35.934231  128.613861
5097  35.939018  128.650772
6379  35.936462  128.645676
4970  35.936947  128.610580
4022  35.922604  128.611526
3933  35.929333  128.625046
5499  35.891209  128.632599
5120  35.906853  128.643082
5276  35.930702  128.609039
3728  35.887520  128.614029
5475  35.909283  128.636658
4958  35.890434  128.639648
3684  35.943520  128.655563
3712  35.885971  128.613052
4088  35.903469  128.650497
4143  35.917381  128.636337
4783  35.896736  128.609100
6077  35.924976  128.614502
5736  35.937794  128.646713
3446  35.918949  128.626617
5824  35.923485  128.650742
6238  35.888367  128.657074
3490  35.928722  128.649780
3844  35.889717  128.620468
4644  35.928253  128.639236
5394  35.913818  128.664490
6015  35.900642  128.642242
6091  35.928452  128.662369
4021  35.918373  128.616974
5471  35.928684  128.657104
5784  35.944813  128.637939
6398  35.923161  128.662399
5310  35.934158  128.638931
5331  35.942310  128.642120
3789  35.934250  128.655258
3773  35.921234  128.643066
4978  35.937634  128.654327
5346  35.912613  128.663605
6558  35.889519  128.637848
4734  35.889500  128.638840
4909  35.897942  128.646835
4026  35.917904  128.624893
6281  35.923771  128.626297
6525  35.891823  128.650482
3795  35.911747  128.613190
3973  35.940964  128.625229
5713  35.937523  128.629990
6313  35.916447  128.615479
6207  35.904331  128.618713
5905  35.918839  128.618317
4045  35.899471  128.620605
4499  35.922962  128.621918
5964  35.912395  128.612427
5023  35.935059  128.625443
6593  35.889626  128.605759
5800  35.900410  128.653687
5783  35.899239  128.650970
4055  35.938496  128.613953
4938  35.893135  128.617981
3464  35.898067  128.606552
5043  35.924347  128.641571
4141  35.917400  128.643555
5411  35.901073  128.630859
4957  35.933994  128.628036
5114  35.936569  128.642334
6622  35.937958  128.651581
5693  35.921341  128.626312
4004  35.922352  128.614990
4725  35.919651  128.651535
5707  35.902351  128.655685
4874  35.914806  128.621536
4645  35.915619  128.653137
5004  35.914539  128.628021
3842  35.892956  128.613647
4717  35.932014  128.650681
6096  35.930809  128.622284
4729  35.937489  128.614090
3770  35.919613  128.649933
4849  35.930305  128.660294
5385  35.944237  128.606094
5893  35.927856  128.649536
5786  35.905231  128.605881
4876  35.887375  128.617386
5706  35.902515  128.629105
5241  35.904709  128.613403
4994  35.902332  128.661545
6462  35.902981  128.607468
4972  35.914375  128.655777
6064  35.886189  128.636459
4824  35.906132  128.614700
6364  35.924080  128.659546
3641  35.914104  128.655350
6243  35.902622  128.623398
4247  35.932682  128.643448
6152  35.905159  128.637650
5260  35.923035  128.617905
4550  35.935940  128.636017
3358  35.890976  128.664429
6578  35.933475  128.663010
4699  35.908794  128.637802
5979  35.894108  128.634995
3353  35.916428  128.663193
4902  35.912971  128.661118
4726  35.913189  128.608047
5684  35.939846  128.651093
4852  35.898483  128.660339
4683  35.919598  128.614960
4710  35.918137  128.645966
5765  35.904442  128.632767
3538  35.912251  128.656906
4344  35.906601  128.635452
5352  35.941647  128.618301
4664  35.903847  128.614563
4934  35.928040  128.605911
4166  35.895802  128.648026
3924  35.914341  128.625931
4078  35.907516  128.606888
4343  35.887302  128.635910
5398  35.899940  128.625031
4025  35.924042  128.621643
6372  35.943462  128.621277
3522  35.889229  128.650543
3787  35.892559  128.646820
5960  35.897366  128.631119
4271  35.935581  128.615967
6006  35.916103  128.662170
5869  35.918388  128.650665
5920  35.890797  128.650299
4670  35.893837  128.632614
3951  35.919399  128.606934
3874  35.938442  128.647263
3524  35.914467  128.615921
5722  35.935204  128.623627
5710  35.918877  128.655365
5489  35.931225  128.639420
4977  35.912811  128.624329
4338  35.944221  128.634689
3898  35.886097  128.645630
6300  35.930344  128.630844
5207  35.897598  128.651871
5304  35.914196  128.612259
5991  35.910561  128.617508
4420  35.918064  128.655167
5080  35.908039  128.633560
5705  35.926830  128.662674
4317  35.942150  128.642960
5405  35.941032  128.622543
3897  35.935562  128.654877
5291  35.903343  128.629639
4620  35.893803  128.663971
3911  35.934357  128.626694
3660  35.891083  128.615051
5135  35.927338  128.622726
5348  35.913010  128.653259
4672  35.941990  128.664078
6382  35.926868  128.632629
5773  35.930901  128.613251
5420  35.922798  128.638901
6274  35.918156  128.621185
5071  35.923504  128.618561
4604  35.899670  128.614288
5999  35.943302  128.648422
6619  35.892471  128.630600
4388  35.885433  128.652695
3517  35.914089  128.606949
4092  35.934788  128.664246
5347  35.942654  128.658005
5013  35.918640  128.660355
4560  35.915382  128.653809
3411  35.885540  128.635925
3963  35.938675  128.638275
4375  35.886333  128.644730
6269  35.935722  128.610352
4709  35.906151  128.638657
6145  35.923214  128.650558
5370  35.906456  128.629593
4893  35.944851  128.620407
4000  35.914951  128.611282
3927  35.922928  128.648132
5940  35.943844  128.605377
6656  35.940746  128.657867
6526  35.886600  128.625244
4496  35.915058  128.654587
5158  35.897148  128.663208
5975  35.899040  128.618088
4760  35.899437  128.619064
6436  35.899960  128.651733
6149  35.929768  128.616959
6060  35.922279  128.632294
6505  35.898556  128.607010
6227  35.892487  128.639618
3678  35.887539  128.664062
5896  35.896465  128.610153
5853  35.917507  128.651443
6322  35.891876  128.638763
5586  35.901543  128.632919
3375  35.894360  128.661072
3364  35.932556  128.633347
3791  35.929298  128.650589
3602  35.934212  128.631454
6146  35.925426  128.618698
4688  35.925591  128.606659
3355  35.934555  128.654129
4255  35.914482  128.612793
3727  35.917473  128.659439
5895  35.922459  128.625885
4975  35.918446  128.651764
3688  35.902370  128.615601
5196  35.928074  128.625580
4049  35.885593  128.640869
5866  35.935993  128.611588
3633  35.888962  128.635666
3917  35.898232  128.626892
6189  35.938244  128.640930
5278  35.921288  128.609802
5934  35.888401  128.660568
4634  35.941540  128.608765
3560  35.921955  128.614395
3672  35.939377  128.610687
3374  35.935146  128.654892
4492  35.907627  128.621674
3860  35.941051  128.618469
3435  35.927731  128.616425
6404  35.912575  128.621597
5316  35.903557  128.625549
5468  35.910362  128.645462
4190  35.942818  128.610657
3450  35.905270  128.617264
3457  35.896286  128.652328
6212  35.910072  128.632095
6416  35.901703  128.637756
5675  35.932915  128.626953
6521  35.925247  128.607590
6579  35.893387  128.627121
4930  35.912289  128.645142
3579  35.903736  128.633713
6411  35.895226  128.630417
5992  35.940907  128.631683
5582  35.924133  128.658554
4079  35.903881  128.641815
5221  35.916679  128.626450
3895  35.933079  128.663986
4409  35.932953  128.642822
3813  35.941250  128.657501
3881  35.902641  128.623901
4625  35.926254  128.638824
6522  35.929081  128.655334
3686  35.942619  128.648865
5687  35.939430  128.645050
3594  35.895981  128.641937
4244  35.892757  128.659576
5633  35.929802  128.659470
6569  35.897907  128.649063
3774  35.929531  128.632126
4253  35.935238  128.658203
5662  35.917706  128.618393
4987  35.891460  128.664276
6278  35.887718  128.631592
5644  35.894505  128.608612
6263  35.929173  128.625137
4389  35.887123  128.650375
5311  35.911209  128.664551
4855  35.915314  128.634232
3573  35.903053  128.642761
4287  35.904873  128.659607
3569  35.936119  128.632538
4189  35.923698  128.608475
4111  35.919361  128.657288
6492  35.929134  128.609756
4506  35.937416  128.615570
4867  35.940117  128.640152
3719  35.925194  128.621399
5802  35.902908  128.647980
4305  35.910381  128.645325
3640  35.901489  128.631058
3604  35.907448  128.647217
3373  35.905609  128.615173
4460  35.889446  128.629211
5732  35.918228  128.663376
4348  35.899311  128.655792
3893  35.894901  128.644684
5065  35.932339  128.649445
5154  35.891068  128.651703
4347  35.940262  128.664154
5996  35.930073  128.660477
4684  35.919075  128.623947
5404  35.886242  128.639511
4721  35.911282  128.618134
4961  35.933025  128.648285
4571  35.901669  128.659286
5959  35.921413  128.610825
5222  35.944435  128.615311
4990  35.933006  128.622421
5377  35.888924  128.616882
5446  35.915958  128.664307
6215  35.910759  128.661514
5840  35.892902  128.620422
5026  35.935005  128.658188
3351  35.914143  128.607376
3827  35.924511  128.662201
4825  35.938171  128.661652
3626  35.903648  128.624588
5921  35.894215  128.663361
5145  35.910706  128.630981
3855  35.889591  128.628479
5968  35.903610  128.638519
5658  35.917328  128.644379
4713  35.942509  128.609680
4407  35.909264  128.658813
5243  35.917274  128.610184
4959  35.904385  128.658218
4976  35.918823  128.660187
6026  35.887844  128.632858
6368  35.892849  128.659561
6394  35.925175  128.643677
5124  35.890366  128.631149
6348  35.905106  128.650330
5698  35.907536  128.630661
6496  35.901054  128.625397
3694  35.934681  128.663956
5478  35.938911  128.640335
5279  35.937649  128.614655
6384  35.919472  128.648224
6289  35.911926  128.635727
5354  35.936066  128.655090
6110  35.938713  128.635803
3804  35.886745  128.646759
4040  35.889984  128.613617
3371  35.930649  128.620529
4960  35.942745  128.614685
6371  35.896160  128.619736
6108  35.936409  128.642105
4077  35.932522  128.645157
6307  35.922691  128.617462
4722  35.925392  128.634720
6202  35.926075  128.628632
4345  35.909302  128.647034
6365  35.888512  128.660141
5219  35.914268  128.638321
4677  35.915581  128.628693
4758  35.930882  128.664398
5932  35.911983  128.634308
6425  35.890705  128.661575
6161  35.925140  128.655991
5787  35.923374  128.650986
5535  35.931763  128.622513
4685  35.931404  128.611160
3570  35.935272  128.621902
5660  35.916916  128.657700
4051  35.914215  128.627014
4352  35.940838  128.643326
5439  35.900822  128.612122
5455  35.907429  128.643585
3607  35.906563  128.643265
5027  35.912666  128.634567
6347  35.937992  128.664413
5167  35.894466  128.629547
6454  35.924400  128.624512
4411  35.894089  128.649094
5054  35.908760  128.639572
5406  35.938839  128.612366
3335  35.912270  128.617889
6103  35.914322  128.632339
5798  35.894451  128.632004
4059  35.914917  128.640060
5458  35.917870  128.629684
6591  35.935974  128.659882
4751  35.910217  128.641006
5540  35.913727  128.658676
3732  35.901756  128.642212
5108  35.915745  128.611923
5095  35.940205  128.628723
4542  35.885197  128.627274
3393  35.926670  128.663788
4864  35.921127  128.636902
5467  35.914719  128.612701
5391  35.908581  128.613571
4457  35.906582  128.606735
3624  35.919182  128.663025
5604  35.914429  128.625183
3413  35.917995  128.630081
5930  35.933205  128.620178
4796  35.923180  128.653580
5744  35.891678  128.623642
4954  35.918480  128.650162
3461  35.909317  128.618912
3940  35.939415  128.617691
5689  35.932880  128.638000
5358  35.906185  128.655197
4415  35.887142  128.628128
4158  35.904045  128.621811
4350  35.922836  128.625290
4464  35.905663  128.619934
4778  35.887917  128.613159
4455  35.925301  128.652588
4715  35.892685  128.638229
3589  35.939503  128.609085
6381  35.923988  128.663086
4842  35.934120  128.631424
5058  35.921719  128.605515
5318  35.933674  128.638367
4282  35.929783  128.616119
6459  35.929569  128.634109
4463  35.929405  128.646866
4194  35.938786  128.607697
5630  35.911476  128.643753
5702  35.943680  128.645447
4151  35.905899  128.650650
3847  35.899418  128.641373
3423  35.904133  128.653076
4529  35.944885  128.643219
4666  35.885269  128.653961
5449  35.896591  128.613693
4114  35.932072  128.651001
5345  35.940979  128.642365
3853  35.894325  128.606491
4628  35.925285  128.642517
5122  35.885826  128.641785
5667  35.944382  128.633911
3748  35.931046  128.618958
6599  35.903233  128.616394
6186  35.892036  128.620193
4565  35.929893  128.630020
4427  35.937721  128.660172
6560  35.928577  128.613922
4107  35.909893  128.634201
4969  35.926723  128.651428
4383  35.898266  128.652725
5123  35.937885  128.662659
3543  35.911316  128.658508
5953  35.933365  128.656998
4817  35.931927  128.627930
5875  35.901955  128.627197
5969  35.898300  128.617279
6025  35.888618  128.626190
4901  35.898373  128.607803
3420  35.913494  128.653168
4461  35.939701  128.647949
5470  35.905212  128.630386
6545  35.922062  128.661560
3583  35.931278  128.614853
3421  35.903378  128.635834
5277  35.939251  128.651260
6575  35.903198  128.616867
4183  35.897888  128.654388
4549  35.897472  128.620865
6054  35.911533  128.627945
3969  35.886963  128.651505
5739  35.894611  128.655502
6049  35.931656  128.618576
6298  35.917938  128.627075
5536  35.921394  128.653198
3910  35.900352  128.631531
5766  35.938423  128.614975
5453  35.900227  128.630127
4781  35.885414  128.610458
5497  35.923916  128.650269
4596  35.918785  128.659851
6160  35.914665  128.639481
4788  35.927013  128.630920
5803  35.895206  128.637833
4590  35.933350  128.636246
5651  35.928703  128.657959
4918  35.922260  128.646149
3777  35.937435  128.641144
4303  35.942169  128.651123
3814  35.937092  128.618500
4226  35.926762  128.624527
6399  35.908779  128.636871
4182  35.927895  128.659088
3705  35.892578  128.617432
4601  35.940853  128.607788
3981  35.904243  128.607544
5638  35.885883  128.654449
6284  35.917236  128.613968
5090  35.904800  128.622040
4057  35.899006  128.627350
4926  35.895836  128.651993
6273  35.942692  128.636749
6441  35.912865  128.630234
5335  35.894142  128.616165
3960  35.941792  128.615891
5060  35.896862  128.643814
5165  35.917923  128.660660
4032  35.933167  128.622391
4612  35.902191  128.631516
5842  35.928364  128.644089
6553  35.921505  128.611450
6438  35.935345  128.641022
5032  35.906689  128.643234
5001  35.903252  128.621414
4260  35.919937  128.605957
5679  35.929642  128.620712
5538  35.931637  128.644180
4206  35.936085  128.627655
6144  35.920063  128.655411
4650  35.896141  128.659454
3469  35.897583  128.623123
3578  35.940025  128.605103
4125  35.897022  128.662796
4797  35.943573  128.631607
4149  35.935490  128.648956
5757  35.912846  128.663269
6211  35.938927  128.618484
4859  35.910416  128.660385
6084  35.944561  128.608994
6219  35.937920  128.650940
5434  35.907265  128.657379
4245  35.928505  128.621567
5774  35.890617  128.651566
5879  35.919090  128.656845
4353  35.889194  128.656265
6397  35.916355  128.610306
4117  35.910397  128.647049
6511  35.910831  128.616501
5116  35.894989  128.619095
3979  35.909389  128.605850
5288  35.900139  128.644791
4846  35.921665  128.662292
3613  35.940529  128.609955
3361  35.933418  128.629501
5210  35.930523  128.636292
5351  35.925068  128.640228
6303  35.929443  128.611771
5272  35.928650  128.664017
5608  35.924618  128.637329
5166  35.916374  128.648193
5928  35.896770  128.619263
3390  35.909245  128.634903
6327  35.924366  128.644867
5105  35.898445  128.645035
5373  35.922585  128.609512
5344  35.940044  128.656357
5595  35.904099  128.664505
4478  35.939793  128.634155
4895  35.942760  128.609177
4258  35.922386  128.631393
5217  35.897709  128.617706
4339  35.927967  128.628082
5849  35.923016  128.607941
6061  35.931690  128.636673
4355  35.902012  128.649673
4431  35.906925  128.618530
5290  35.940243  128.630737
5674  35.919903  128.648468
4646  35.940224  128.649017
4773  35.885216  128.623016
4336  35.939720  128.615585
6424  35.887287  128.637543
4060  35.941753  128.653595
5110  35.898750  128.658081
4454  35.940422  128.634811
5315  35.896446  128.662323
5746  35.941772  128.614227
6153  35.904583  128.635223
3586  35.909878  128.656769
4828  35.906509  128.653656
6131  35.892094  128.612518
5141  35.898014  128.647446
4314  35.916321  128.611679
4288  35.901417  128.636948
3357  35.885056  128.618683
3429  35.938389  128.623322
4475  35.930359  128.662827
4822  35.944363  128.614365
6075  35.926311  128.647125
4552  35.891155  128.617218
4647  35.926128  128.644516
6280  35.921432  128.658844
5509  35.940819  128.657516
4701  35.920765  128.661285
4196  35.918896  128.638046
4428  35.911766  128.638611
6270  35.886387  128.633667
6117  35.892307  128.662750
3617  35.921108  128.637512
4396  35.918407  128.645584
5487  35.937576  128.660843
3738  35.890057  128.615707
3815  35.915726  128.615433
5636  35.939686  128.649567
5353  35.904224  128.607559
6567  35.931187  128.632965
3654  35.921612  128.605087
3928  35.889339  128.658661
5952  35.907192  128.634018
5653  35.923897  128.628616
6256  35.939754  128.613678
6072  35.896843  128.657410
3444  35.892452  128.641159
5972  35.940132  128.629715
5387  35.893856  128.640961
6456  35.906727  128.608917
5211  35.915924  128.612991
3498  35.905071  128.606644
6385  35.907787  128.648697
6251  35.923645  128.634491
6012  35.898247  128.646530
6361  35.899113  128.616989
6645  35.893314  128.654144
6451  35.930145  128.659271
6616  35.928558  128.613907
5571  35.918751  128.634644
6013  35.915852  128.607956
5671  35.935905  128.663483
4391  35.910580  128.630402
4533  35.920174  128.650879
5734  35.934952  128.647186
5402  35.944633  128.644119
5292  35.889050  128.661102
5585  35.895313  128.610962
6068  35.930630  128.620514
5863  35.893372  128.664658
5945  35.912918  128.652893
4497  35.906979  128.635864
4521  35.895115  128.648895
5078  35.929317  128.632736
5635  35.917652  128.658966
5010  35.944290  128.638809
5337  35.894379  128.631409
5251  35.931171  128.662994
5045  35.885956  128.634445
5758  35.939304  128.636597
3456  35.905052  128.630432
5728  35.933853  128.630798
4172  35.916626  128.625977
4418  35.900192  128.643036
4829  35.899921  128.662262
3637  35.917435  128.623810
6446  35.891266  128.616287
3786  35.903358  128.620880
5282  35.927589  128.639313
4674  35.925358  128.627640
3766  35.911858  128.626236
3899  35.896267  128.655579
4962  35.943825  128.656052
4719  35.924816  128.651382
5130  35.906960  128.662918
3349  35.912937  128.623535
5498  35.938820  128.612869
3400  35.902695  128.610291
3488  35.910847  128.608292
6201  35.942455  128.625809
4432  35.930233  128.606186
4595  35.908653  128.635742
5421  35.907391  128.660217
5375  35.941952  128.657913
6504  35.905987  128.606857
6329  35.919163  128.605209
5426  35.933868  128.661713
5827  35.897331  128.620667
4937  35.908993  128.626678
4581  35.917419  128.617676
4563  35.942833  128.644852
4504  35.912449  128.616470
6605  35.928055  128.629517
6164  35.909031  128.630615
5883  35.901596  128.664093
5255  35.885647  128.625778
3398  35.895134  128.646011
4476  35.926525  128.659485
3402  35.912991  128.616577
5781  35.939144  128.615356
3968  35.920082  128.660278
4580  35.940441  128.640213
4816  35.913944  128.618332
4148  35.909985  128.630356
3584  35.901379  128.631546
5534  35.921070  128.637115
5891  35.934067  128.650864
5119  35.929623  128.635162
3864  35.937145  128.656601
6309  35.895744  128.614716
5014  35.924458  128.646118
6544  35.935596  128.641403
6301  35.913712  128.612915
4870  35.891968  128.636414
4693  35.897923  128.605972
5682  35.915455  128.612411
6296  35.890869  128.661423
5743  35.934177  128.652847
3399  35.930126  128.638168
4872  35.943230  128.633530
5177  35.933926  128.625504
4801  35.902424  128.617233
6477  35.936424  128.629623
6260  35.944004  128.623489
6332  35.914448  128.611557
6333  35.918571  128.628113
5591  35.885666  128.663406
5178  35.934753  128.638153
5610  35.891533  128.608719
3452  35.944401  128.649353
5077  35.893478  128.662125
4290  35.936874  128.636856
4297  35.891228  128.619339
5980  35.932213  128.653549
4099  35.933800  128.664352
5038  35.903793  128.629120
5909  35.923122  128.653244
5172  35.895405  128.621078
3529  35.891785  128.657089
5486  35.940639  128.617584
5917  35.889103  128.659241
3998  35.918606  128.625488
5372  35.918533  128.643784
5125  35.938278  128.643158
4979  35.888580  128.622986
5647  35.897762  128.619904
5816  35.912308  128.619827
4053  35.888260  128.606064
5656  35.911098  128.640182
3993  35.923466  128.642059
5055  35.914177  128.625381
4047  35.908920  128.636139
4641  35.924332  128.618637
5542  35.886871  128.609116
4556  35.913441  128.629791
4640  35.887360  128.613297
4054  35.917255  128.652802
6241  35.914898  128.658951
3454  35.931908  128.612167
5942  35.899059  128.652756
5915  35.927174  128.613281
5293  35.935814  128.653625
3496  35.936443  128.632462
4061  35.910343  128.610779
5341  35.932106  128.620789
4905  35.907574  128.654709
3574  35.933941  128.660873
5677  35.926472  128.639801
5103  35.915905  128.624969
4358  35.942257  128.613586
4321  35.903774  128.656006
5490  35.940781  128.631226
4790  35.898537  128.622940
3568  35.914124  128.616196
6627  35.896519  128.656647
5133  35.918011  128.636093
5506  35.926636  128.608902
4931  35.904297  128.617828
6247  35.909229  128.605164
5244  35.920155  128.611664
3902  35.927086  128.619766
4883  35.888744  128.640137
5813  35.917618  128.619812
5267  35.934502  128.664001
4510  35.925465  128.631638
3693  35.901829  128.645523
3485  35.941502  128.605835
5191  35.897636  128.609253
4516  35.907894  128.641922
4035  35.944057  128.655212
6585  35.938946  128.637741
3752  35.936787  128.621796
4574  35.918678  128.655533
4813  35.916771  128.618073
4602  35.931133  128.637421
4184  35.894539  128.605988
6429  35.924206  128.641251
6660  35.893280  128.649200
4486  35.940891  128.626328
5566  35.913475  128.662476
5281  35.922295  128.618515
4429  35.924995  128.660950
5149  35.894001  128.614014
6085  35.930828  128.646439
6074  35.899185  128.608337
4735  35.887341  128.605789
3733  35.911118  128.657715
4694  35.899849  128.634827
4101  35.926094  128.658249
3771  35.888203  128.630447
4027  35.894650  128.630005
3977  35.890114  128.639816
6246  35.904205  128.648087
6177  35.933582  128.606705
4387  35.919273  128.607910
6057  35.912216  128.633453
5368  35.890759  128.642746
3428  35.920261  128.610092
6637  35.919975  128.640747
6507  35.927624  128.653671
5683  35.943356  128.641846
6225  35.934914  128.643539
3588  35.886513  128.652664
6665  35.901688  128.660797
6573  35.902569  128.619492
6209  35.889214  128.646545
4690  35.935959  128.624146
5854  35.909176  128.614807
5062  35.914036  128.625351
4591  35.901974  128.615326
5825  35.898968  128.638550
4056  35.907482  128.642487
5412  35.928795  128.652176
4152  35.895584  128.638947
4384  35.919632  128.632492
5407  35.919830  128.654800
5150  35.907066  128.659164
6396  35.894718  128.609161
4365  35.910236  128.643982
5978  35.889553  128.627625
4505  35.906490  128.626144
5202  35.936821  128.635254
4269  35.917149  128.660110
5220  35.888077  128.648178
3334  35.898193  128.648438
5745  35.927139  128.625748
6469  35.897545  128.642029
4557  35.928001  128.624191
5532  35.914680  128.662216
3891  35.930092  128.611481
3521  35.913567  128.610199
3988  35.905952  128.660553
3905  35.894665  128.610123
4737  35.898842  128.622314
4593  35.885773  128.633591
5250  35.915043  128.636536
5697  35.885700  128.621231
3580  35.892612  128.618439
5733  35.923843  128.632309
4793  35.896828  128.625153
3724  35.920586  128.641907
6239  35.896664  128.658112
3630  35.907951  128.630051
6662  35.932861  128.646271
5188  35.900173  128.664810
4076  35.932735  128.656754
5974  35.929066  128.649734
3384  35.933277  128.632431
4844  35.926796  128.640671
6081  35.925770  128.618973
3997  35.916409  128.613892
3623  35.898949  128.647644
6490  35.915474  128.611649
6231  35.932125  128.631348
5190  35.886799  128.646927
4651  35.907337  128.661865
5708  35.919811  128.612381
3566  35.889790  128.620239
3980  35.896358  128.616058
5469  35.925228  128.638626
3503  35.927444  128.647720
4579  35.915077  128.664673
3484  35.929424  128.629486
3455  35.911369  128.653778
5198  35.913906  128.637573
6620  35.935528  128.636963
4177  35.891121  128.607239
4213  35.889664  128.615768
3571  35.919434  128.654999
6503  35.923141  128.663071
5856  35.933456  128.627029
5556  35.891518  128.617020
6182  35.905537  128.631042
5768  35.928902  128.607651
3627  35.930737  128.627457
4129  35.914520  128.659149
6223  35.940151  128.646912
4444  35.910290  128.646591
3401  35.936768  128.650055
4576  35.934734  128.643173
3930  35.920010  128.663177
5051  35.924564  128.649597
6059  35.885864  128.656372
5174  35.905807  128.662384
4098  35.939953  128.647095
5098  35.925339  128.652100
4991  35.915295  128.661942
4334  35.928417  128.607071
4696  35.905827  128.614471
4018  35.885719  128.625626
4971  35.921558  128.645126
3385  35.904926  128.607269
5690  35.888996  128.655441
5715  35.932358  128.632660
3475  35.913334  128.648453
6501  35.926365  128.653442
5462  35.936298  128.641312
4456  35.885342  128.628906
4266  35.912361  128.643021
4332  35.887936  128.647369
3936  35.938477  128.615417
4904  35.907753  128.635025
4706  35.929459  128.628281
4850  35.893333  128.607880
3480  35.930286  128.621445
6291  35.913151  128.652359
5770  35.909534  128.616486
4621  35.929695  128.635071
5550  35.904350  128.633087
6011  35.941177  128.617294
5619  35.910721  128.619278
3761  35.916660  128.655304
6080  35.906097  128.614929
5340  35.908688  128.605896
6621  35.914791  128.614532
6204  35.909355  128.640274
3483  35.887878  128.626740
5028  35.933563  128.662048
6377  35.919147  128.609268
4458  35.911083  128.640915
4392  35.912792  128.642838
5577  35.904781  128.625519
4005  35.903667  128.623413
4062  35.907661  128.626175
4663  35.911407  128.629959
4235  35.890671  128.645737
6317  35.917759  128.606033
4671  35.888187  128.621033
4544  35.914593  128.628845
6452  35.909515  128.653900
6629  35.935795  128.652924
5185  35.909554  128.664963
4888  35.889606  128.608063
4014  35.903000  128.636719
5229  35.909481  128.621735
5903  35.944164  128.646347
3474  35.932430  128.649490
5155  35.899776  128.645813
4009  35.898285  128.623886
6126  35.934643  128.633606
5126  35.916500  128.632065
3879  35.932610  128.652145
6031  35.902893  128.611786
3478  35.905376  128.616302
5259  35.918049  128.622070
4465  35.941284  128.626373
6541  35.936749  128.651627
6083  35.935455  128.652863
6419  35.917004  128.648682
4935  35.934376  128.627441
3386  35.941574  128.624100
5514  35.905464  128.661087
5668  35.905735  128.605652
5294  35.915348  128.637161
4006  35.938351  128.649246
6315  35.888905  128.654373
4095  35.934052  128.648163
3956  35.891605  128.618759
4403  35.898609  128.619293
6113  35.905861  128.615021
6099  35.930504  128.614761
4882  35.888691  128.642151
4075  35.894756  128.614822
5814  35.898357  128.660156
4525  35.917545  128.605042
4768  35.921001  128.622208
5349  35.925877  128.631790
5296  35.890778  128.660965
4750  35.920101  128.625824
3653  35.927696  128.648987
3509  35.903160  128.652390
4024  35.886421  128.626434
5072  35.894398  128.607162
4877  35.941448  128.649963
5414  35.897781  128.652527
4275  35.929119  128.633728
5588  35.921703  128.650620
4242  35.920891  128.624008
3798  35.912323  128.646378
6058  35.924149  128.647858
3816  35.913261  128.609665
5913  35.897186  128.618729
3986  35.914574  128.610992
5796  35.909641  128.644958
6478  35.894161  128.627106
4083  35.909046  128.652039
5759  35.901398  128.619843
4484  35.905521  128.633423
4784  35.925751  128.624786
6097  35.943138  128.643921
4616  35.911190  128.653748
5451  35.896755  128.608582
4161  35.888062  128.634460
6366  35.943699  128.620590
4568  35.927319  128.652634
4199  35.911999  128.613419
6116  35.895710  128.615723
4104  35.897133  128.638855
6626  35.927280  128.613800
4997  35.940582  128.627289
5552  35.894485  128.635559
5737  35.913654  128.664719
4697  35.933781  128.621307
6529  35.916733  128.609283
3976  35.932465  128.621292
5639  35.925049  128.607681
4401  35.885574  128.638107
5415  35.910900  128.658997
4543  35.912701  128.648483
5911  35.898518  128.661758
6230  35.942131  128.650757
3894  35.922241  128.645355
3539  35.910740  128.639847
4093  35.897724  128.609299
6154  35.900028  128.645828
3955  35.895782  128.609695
5343  35.897995  128.622330
4707  35.908382  128.606079
5466  35.908276  128.643936
3931  35.943123  128.650833
6390  35.909786  128.641769
6165  35.889030  128.616592
4323  35.929028  128.646683
3419  35.902264  128.634949
5450  35.934284  128.608658
4985  35.922565  128.635712
3952  35.915817  128.627899
6228  35.905502  128.648331
5994  35.889538  128.655472
5998  35.907589  128.642624
6571  35.940369  128.647842
5898  35.915401  128.647018
5918  35.900589  128.609909
4307  35.899490  128.624710
6005  35.919666  128.662506
4933  35.931980  128.647141
5495  35.939648  128.655487
6254  35.932827  128.610321
5066  35.925610  128.653427
6125  35.908669  128.661453
5799  35.916248  128.612808
4573  35.936966  128.661301
4410  35.944149  128.647690
6450  35.908958  128.610550
5129  35.891193  128.632645
4369  35.897816  128.619308
5454  35.902496  128.654434
6229  35.901562  128.612396
6063  35.914413  128.620941
6342  35.905720  128.619110
4810  35.888817  128.633743
5465  35.903431  128.640045
5383  35.927551  128.631714
4899  35.901363  128.612671
6124  35.914879  128.637634
5922  35.895603  128.617416
5132  35.924385  128.655380
4534  35.929585  128.631287
5457  35.920837  128.623093
3354  35.927929  128.653534
4139  35.889732  128.657333
5634  35.894775  128.613876
4472  35.913853  128.657791
5183  35.926941  128.615387
6470  35.915024  128.605743
3941  35.901237  128.659637
4066  35.890148  128.611176
6224  35.941303  128.606277
3499  35.939865  128.616653
3479  35.897312  128.609558
6588  35.890507  128.638336
5997  35.892361  128.624115
4364  35.900085  128.660675
6635  35.912182  128.663849
6236  35.942635  128.632324
4830  35.888527  128.644882
5096  35.912560  128.646729
5317  35.924763  128.641663
6577  35.935509  128.661972
3991  35.912827  128.637711
4225  35.930862  128.615952
5323  35.929855  128.605408
6649  35.896610  128.622131
4798  35.938011  128.636551
5815  35.926327  128.630646
4575  35.909428  128.614914
4643  35.925518  128.654968
4611  35.906384  128.645721
3682  35.941216  128.610062
5823  35.911423  128.650146
3708  35.922043  128.606613
5305  35.888977  128.637375
4216  35.894848  128.649994
5063  35.927048  128.644943
5880  35.892632  128.643829
6257  35.908203  128.630692
4237  35.894341  128.621338
3462  35.915653  128.657013
3809  35.912090  128.663651
3947  35.895493  128.638351
3559  35.943050  128.661469
6613  35.939991  128.614105
5616  35.894180  128.635956
3541  35.936840  128.658142
6050  35.927876  128.654007
6245  35.934032  128.641418
5285  35.926704  128.659943
5694  35.927532  128.660049
4073  35.916985  128.639450
4487  35.886208  128.662460
4485  35.893623  128.649170
6497  35.914017  128.614456
4124  35.901127  128.651047
4181  35.894127  128.626282
4482  35.933887  128.612625
4652  35.890560  128.620377
3830  35.910019  128.629242
3465  35.908218  128.630753
5546  35.907085  128.633942
4408  35.894630  128.649155
4371  35.907211  128.628998
3801  35.915440  128.643845
5531  35.889751  128.645859
6625  35.919003  128.654190
3863  35.927750  128.637604
6178  35.932251  128.646088
4406  35.932392  128.651398
3782  35.935707  128.646072
5576  35.888653  128.660980
4331  35.885380  128.608368
5157  35.918030  128.612061
5749  35.933239  128.638458
6401  35.926975  128.616898
6554  35.941376  128.619507
6395  35.932808  128.621994
3655  35.939594  128.631851
3945  35.890076  128.653732
3352  35.927715  128.658737
4089  35.924526  128.648621
5418  35.932377  128.622787
5438  35.911621  128.644836
5147  35.890041  128.638397
4821  35.935921  128.607407
4803  35.896935  128.624283
3778  35.944309  128.642532
6129  35.902603  128.657578
4233  35.894592  128.640244
4917  35.904259  128.624481
5852  35.895676  128.622665
4704  35.889156  128.607346
6488  35.895294  128.653763
4691  35.903522  128.649384
3557  35.898895  128.655899
3958  35.933151  128.663345
5433  35.902767  128.622116
3972  35.915005  128.624435
5528  35.929047  128.640732
3426  35.915672  128.627151
5113  35.926651  128.615067
4378  35.931946  128.607712
5631  35.939899  128.644775
6262  35.928272  128.638641
4481  35.905556  128.616089
5919  35.891407  128.613464
4220  35.927265  128.656967
6138  35.928234  128.614410
3523  35.938408  128.625198
3907  35.928669  128.643463
4112  35.893009  128.657394
5215  35.934826  128.647614
4718  35.927067  128.627396
5430  35.902225  128.612854
4179  35.887486  128.664917
5364  35.887234  128.613083
5332  35.910542  128.663101
5517  35.918911  128.649429
4147  35.907825  128.631989
4941  35.913170  128.640610
4853  35.924259  128.661911
4381  35.897530  128.634033
6412  35.912468  128.662613
5843  35.923393  128.658173
6546  35.919235  128.611008
6641  35.901814  128.649872
4430  35.899616  128.637955
3841  35.911011  128.633469
4416  35.927101  128.626099
6410  35.930450  128.611603
5263  35.944096  128.622223
6053  35.922096  128.621765
4195  35.897617  128.633438
5901  35.890381  128.633255
3779  35.922081  128.657974
5670  35.895927  128.659653
6389  35.887249  128.639832
5724  35.931602  128.628937
4545  35.912415  128.644485
4885  35.901199  128.611801
5091  35.933960  128.626938
4123  35.903755  128.630325
6076  35.931782  128.619965
4450  35.936157  128.627090
4380  35.888348  128.609573
3756  35.900101  128.636505
4067  35.900948  128.640808
6208  35.925842  128.643127
4952  35.901794  128.621368
4708  35.893730  128.661621
3359  35.893173  128.611069
5399  35.942184  128.661255
4312  35.919506  128.628754
4705  35.925697  128.611389
3685  35.907642  128.654770
3592  35.893406  128.615509
3481  35.905396  128.625687
6363  35.924419  128.632111
4467  35.909821  128.645493
5376  35.900730  128.628357
4789  35.895638  128.647797
5574  35.897655  128.656540
3739  35.925949  128.610214
4981  35.886276  128.664169
4546  35.885448  128.614777
3348  35.941143  128.608353
6288  35.912952  128.623306
3763  35.900749  128.654663
3909  35.931007  128.659668
6513  35.921539  128.639755
5993  35.924850  128.610611
5625  35.939342  128.642319
5089  35.909946  128.624451
5661  35.934265  128.650085
6105  35.914070  128.627518
5265  35.904762  128.606140
6548  35.906548  128.626877
3675  35.902065  128.662766
4610  35.896896  128.637726
6089  35.891731  128.632050
5931  35.936695  128.656250
4239  35.906761  128.657455
5261  35.940620  128.625946
4654  35.890526  128.645172
6388  35.893677  128.624237
5872  35.904423  128.608459
6587  35.917778  128.636765
5224  35.930252  128.622894
5208  35.909931  128.644363
5699  35.896107  128.614197
4473  35.935131  128.638138
5329  35.921200  128.661148
5857  35.939289  128.621017
5140  35.931351  128.652573
3489  35.924690  128.649521
5526  35.929226  128.635498
4840  35.900372  128.613602
4695  35.904835  128.625793
3884  35.895512  128.643707
3906  35.910309  128.618179
6027  35.920334  128.619217
3870  35.910469  128.638443
5665  35.910633  128.647430
4833  35.895332  128.605347
3757  35.890400  128.643005
5143  35.922745  128.622025
5306  35.890850  128.639252
4848  35.944977  128.636047
3722  35.913998  128.648834
3802  35.920692  128.659500
4865  35.890957  128.616608
4925  35.889355  128.623825
5252  35.901039  128.636932
3785  35.944183  128.661316
4468  35.913746  128.660706
5413  35.904854  128.617493
4186  35.900478  128.621979
6042  35.940388  128.642303
4746  35.941807  128.652298
4361  35.898571  128.640472
5262  35.925034  128.660690
4974  35.941666  128.657272
5138  35.903217  128.650177
5950  35.901901  128.652405
4627  35.929516  128.658615
3838  35.911243  128.619705
5456  35.911549  128.618866
5164  35.890743  128.648148
4007  35.885612  128.654739
3532  35.920425  128.619629
5961  35.931438  128.631729
4786  35.919022  128.608109
4728  35.914051  128.630249
5649  35.925213  128.659042
4193  35.941826  128.612564
5134  35.928867  128.656204
6232  35.919037  128.645279
4511  35.897259  128.639328
6659  35.897690  128.619797
3621  35.890816  128.609344
5053  35.937183  128.651169
3582  35.923431  128.645615
3755  35.942005  128.644333
5179  35.924744  128.645081
4637  35.891479  128.646164
4080  35.932774  128.616074
6590  35.932178  128.620026
4072  35.887196  128.634247
6044  35.943336  128.658539
5052  35.944759  128.647583
5171  35.943176  128.644028
3416  35.891029  128.660095
3497  35.908455  128.646332
4795  35.944866  128.620224
5871  35.943951  128.633286
4274  35.944778  128.662903
6170  35.911785  128.627380
5245  35.900444  128.621384
5573  35.913601  128.629059
4924  35.907932  128.651962
4299  35.917686  128.621216
4248  35.940296  128.653473
4630  35.944996  128.617569
3699  35.921593  128.605255
6583  35.936012  128.645660
4682  35.936806  128.612183
3775  35.891373  128.634628
3839  35.920189  128.663681
5037  35.940800  128.606354
4776  35.931511  128.639099
6572  35.892326  128.628525
6258  35.940456  128.626648
5505  35.942528  128.616272
4243  35.910812  128.661011
6017  35.922028  128.638916
5935  35.923267  128.617615
5809  35.899651  128.633652
5237  35.889572  128.626114
4818  35.933689  128.611984
6086  35.937309  128.610046
4873  35.889427  128.627136
6609  35.943157  128.646484
4553  35.886837  128.617477
4169  35.904888  128.618011
4459  35.938801  128.661041
5137  35.920029  128.663757
5717  35.938873  128.618790
4278  35.919758  128.634872
4660  35.911568  128.628647
4540  35.895691  128.616776
4509  35.910648  128.625305
4539  35.944687  128.637054
5111  35.922672  128.617859
4738  35.905701  128.659790
4044  35.885323  128.611847
3821  35.943913  128.645432
3812  35.893749  128.644760
3849  35.909966  128.644653
4470  35.913044  128.657303
4689  35.909805  128.628540
3562  35.936932  128.635132
3381  35.918194  128.656891
3718  35.935654  128.637817
4635  35.921253  128.637405
5672  35.908257  128.606216
3913  35.886978  128.619537
3696  35.941898  128.621201
5042  35.926903  128.617599
4119  35.887161  128.608551
4657  35.906616  128.664261
5740  35.895962  128.647247
6576  35.920658  128.647659
5696  35.901524  128.664764
3555  35.905018  128.654282
3460  35.929836  128.654343
6387  35.916267  128.607086
3547  35.921970  128.653564
3734  35.906475  128.632187
5238  35.935040  128.657852
4250  35.920135  128.624924
3440  35.930271  128.613724
5092  35.887428  128.609192
4013  35.891911  128.606171
5445  35.925987  128.661606
4939  35.912758  128.637527
3792  35.938190  128.613815
6001  35.932629  128.619995
5378  35.898933  128.647461
5258  35.939362  128.634796
6491  35.936138  128.645370
6206  35.937973  128.635315
6338  35.907303  128.635101
5691  35.933060  128.647827
3424  35.893028  128.623169
4794  35.943085  128.608521
3918  35.887646  128.645233
5069  35.890995  128.639267
4508  35.885017  128.625275
6078  35.938549  128.620163
4827  35.895153  128.613708
6584  35.915257  128.639633
3740  35.909103  128.630203
5248  35.885124  128.639023
6268  35.912540  128.655273
3935  35.940514  128.615906
4034  35.935257  128.642227
5654  35.918659  128.620361
5301  35.919487  128.630310
3820  35.888023  128.650696
6220  35.895531  128.627579
4632  35.936859  128.616379
4832  35.886925  128.659698
4894  35.886494  128.621689
5828  35.902714  128.643372
4886  35.897205  128.655838
3603  35.939110  128.630280
6483  35.898048  128.619431
4257  35.906872  128.653976
6192  35.898808  128.624832
4923  35.933907  128.637146
4661  35.916229  128.626343
3817  35.900570  128.648788
5102  35.916645  128.623978
3908  35.930470  128.661392
4623  35.932304  128.650345
5148  35.917076  128.605392
6098  35.943733  128.624741
5216  35.886997  128.646667
5645  35.905033  128.659058
5666  35.896233  128.632263
4218  35.922314  128.629761
3961  35.897457  128.658356
5175  35.892399  128.640823
3378  35.904171  128.618408
5596  35.908489  128.654648
4146  35.921089  128.621964
3383  35.900803  128.606369
6018  35.920387  128.657043
5870  35.939739  128.641464
5247  35.890240  128.642410
5627  35.905304  128.645386
5601  35.886044  128.648361
4887  35.923088  128.650070
4164  35.896538  128.646194
5753  35.936337  128.635208
6648  35.914646  128.641739
4201  35.912739  128.621490
3379  35.902027  128.612503
