1	35.895049	128.61219
2	35.894759	128.61219
3	35.893144	128.610554
4	35.893034	128.611798
5	35.892937	128.612973
6	35.892095	128.613024
7	35.892357	128.611764
8	35.892206	128.610264
9	35.892413	128.609242
10	35.891764	128.609924
11	35.891309	128.611201
12	35.89106	128.613399
13	35.890135	128.61604
14	35.890549	128.613007
15	35.890204	128.609753
16	35.889804	128.611338
17	35.890453	128.608731
18	35.890756	128.607522
19	35.889666	128.607045
20	35.889625	128.608424
21	35.889086	128.607045
22	35.889473	128.609123
23	35.889569	128.612343
24	35.889197	128.615018
25	35.888672	128.616449
26	35.888562	128.614728
27	35.888866	128.612445
28	35.888024	128.616023
29	35.888106	128.614336
30	35.886864	128.61541
31	35.88801	128.61265
32	35.888741	128.609344
33	35.888327	128.607334
34	35.888962	128.604625
35	35.887858	128.609123
36	35.887872	128.61023
37	35.887513	128.609123
38	35.887513	128.610213
39	35.887085	128.609089
40	35.887154	128.607539
41	35.887251	128.605613
42	35.886643	128.606295
43	35.887099	128.607913
44	35.886754	128.607896
45	35.88674	128.609038
46	35.885732	128.609004
47	35.887057	128.610213
48	35.886988	128.611832
49	35.885663	128.6142
50	35.886988	128.614098
51	35.885139	128.614711
